# This file is generated on 26-Oct-2022 at 15:52:14 and contains for each site, each satellite, frequency:
# att_scin_cdf_val = cdf value of attenuation due to scintillation (dB); att_scin_cdf_prob = cdf probability of attenuation due to scintillation (%).
# All parameters are computed by: ITU-R P.618-10 model.
# Attenuation due to scintillation results are sorted acording to the site identification number:
#    _ 1 = Houston (Lat = 2.9560e+01 deg, Lon = -9.5100e+01 deg, Alt = 5.0000e-03 km)
# Stored values are organised as follow:
# Site number, Satellite number, Frequency (GHz), att_scin_cdf_val (dB), att_scin_cdf_prob (%)
1, 1, 3.7500e+01, 1.9772e+01, 1.0000e-03
1, 1, 3.7500e+01, 1.7712e+01, 2.0000e-03
1, 1, 3.7500e+01, 1.5285e+01, 5.0000e-03
1, 1, 3.7500e+01, 1.4157e+01, 8.0000e-03
1, 1, 3.7500e+01, 1.3648e+01, 1.0000e-02
1, 1, 3.7500e+01, 1.2624e+01, 1.6000e-02
1, 1, 3.7500e+01, 1.1559e+01, 2.7000e-02
1, 1, 3.7500e+01, 1.0588e+01, 4.5000e-02
1, 1, 3.7500e+01, 9.6299e+00, 7.7000e-02
1, 1, 3.7500e+01, 8.7509e+00, 1.3000e-01
1, 1, 3.7500e+01, 7.9865e+00, 2.1000e-01
1, 1, 3.7500e+01, 7.2076e+00, 3.5000e-01
1, 1, 3.7500e+01, 6.4171e+00, 6.0000e-01
1, 1, 3.7500e+01, 5.7620e+00, 9.5000e-01
1, 1, 3.7500e+01, 4.9481e+00, 1.7000e+00
1, 1, 3.7500e+01, 4.1608e+00, 3.0000e+00
1, 1, 3.7500e+01, 3.4223e+00, 5.1000e+00
1, 1, 3.7500e+01, 2.7345e+00, 8.3000e+00
1, 1, 3.7500e+01, 2.2034e+00, 1.2000e+01
1, 1, 3.7500e+01, 1.5239e+00, 1.9000e+01
1, 1, 3.7500e+01, 8.2428e-01, 3.0000e+01
1, 1, 3.7500e+01, 3.6878e-01, 4.0000e+01
1, 1, 3.7500e+01, -1.5076e-01, 5.5000e+01
1, 1, 3.7500e+01, -6.0405e-01, 7.2000e+01
1, 1, 3.7500e+01, -9.9009e-01, 9.0000e+01
1, 1, 3.7500e+01, -1.1580e+00, 9.9000e+01
1, 1, 3.7500e+01, 1.9772e+01, 1.0000e-03
1, 1, 3.7500e+01, 1.7712e+01, 2.0000e-03
1, 1, 3.7500e+01, 1.5285e+01, 5.0000e-03
1, 1, 3.7500e+01, 1.4157e+01, 8.0000e-03
1, 1, 3.7500e+01, 1.3648e+01, 1.0000e-02
1, 1, 3.7500e+01, 1.2624e+01, 1.6000e-02
1, 1, 3.7500e+01, 1.1559e+01, 2.7000e-02
1, 1, 3.7500e+01, 1.0588e+01, 4.5000e-02
1, 1, 3.7500e+01, 9.6299e+00, 7.7000e-02
1, 1, 3.7500e+01, 8.7509e+00, 1.3000e-01
1, 1, 3.7500e+01, 7.9865e+00, 2.1000e-01
1, 1, 3.7500e+01, 7.2076e+00, 3.5000e-01
1, 1, 3.7500e+01, 6.4171e+00, 6.0000e-01
1, 1, 3.7500e+01, 5.7620e+00, 9.5000e-01
1, 1, 3.7500e+01, 4.9481e+00, 1.7000e+00
1, 1, 3.7500e+01, 4.1608e+00, 3.0000e+00
1, 1, 3.7500e+01, 3.4223e+00, 5.1000e+00
1, 1, 3.7500e+01, 2.7345e+00, 8.3000e+00
1, 1, 3.7500e+01, 2.2034e+00, 1.2000e+01
1, 1, 3.7500e+01, 1.5239e+00, 1.9000e+01
1, 1, 3.7500e+01, 8.2428e-01, 3.0000e+01
1, 1, 3.7500e+01, 3.6878e-01, 4.0000e+01
1, 1, 3.7500e+01, -1.5076e-01, 5.5000e+01
1, 1, 3.7500e+01, -6.0405e-01, 7.2000e+01
1, 1, 3.7500e+01, -9.9009e-01, 9.0000e+01
1, 1, 3.7500e+01, -1.1580e+00, 9.9000e+01
1, 1, 3.7500e+01, 1.9772e+01, 1.0000e-03
1, 1, 3.7500e+01, 1.7712e+01, 2.0000e-03
1, 1, 3.7500e+01, 1.5285e+01, 5.0000e-03
1, 1, 3.7500e+01, 1.4157e+01, 8.0000e-03
1, 1, 3.7500e+01, 1.3648e+01, 1.0000e-02
1, 1, 3.7500e+01, 1.2624e+01, 1.6000e-02
1, 1, 3.7500e+01, 1.1559e+01, 2.7000e-02
1, 1, 3.7500e+01, 1.0588e+01, 4.5000e-02
1, 1, 3.7500e+01, 9.6299e+00, 7.7000e-02
1, 1, 3.7500e+01, 8.7509e+00, 1.3000e-01
1, 1, 3.7500e+01, 7.9865e+00, 2.1000e-01
1, 1, 3.7500e+01, 7.2076e+00, 3.5000e-01
1, 1, 3.7500e+01, 6.4171e+00, 6.0000e-01
1, 1, 3.7500e+01, 5.7620e+00, 9.5000e-01
1, 1, 3.7500e+01, 4.9481e+00, 1.7000e+00
1, 1, 3.7500e+01, 4.1608e+00, 3.0000e+00
1, 1, 3.7500e+01, 3.4223e+00, 5.1000e+00
1, 1, 3.7500e+01, 2.7345e+00, 8.3000e+00
1, 1, 3.7500e+01, 2.2034e+00, 1.2000e+01
1, 1, 3.7500e+01, 1.5239e+00, 1.9000e+01
1, 1, 3.7500e+01, 8.2428e-01, 3.0000e+01
1, 1, 3.7500e+01, 3.6878e-01, 4.0000e+01
1, 1, 3.7500e+01, -1.5076e-01, 5.5000e+01
1, 1, 3.7500e+01, -6.0405e-01, 7.2000e+01
1, 1, 3.7500e+01, -9.9009e-01, 9.0000e+01
1, 1, 3.7500e+01, -1.1580e+00, 9.9000e+01
1, 1, 3.7500e+01, 1.9772e+01, 1.0000e-03
1, 1, 3.7500e+01, 1.7712e+01, 2.0000e-03
1, 1, 3.7500e+01, 1.5285e+01, 5.0000e-03
1, 1, 3.7500e+01, 1.4157e+01, 8.0000e-03
1, 1, 3.7500e+01, 1.3648e+01, 1.0000e-02
1, 1, 3.7500e+01, 1.2624e+01, 1.6000e-02
1, 1, 3.7500e+01, 1.1559e+01, 2.7000e-02
1, 1, 3.7500e+01, 1.0588e+01, 4.5000e-02
1, 1, 3.7500e+01, 9.6299e+00, 7.7000e-02
1, 1, 3.7500e+01, 8.7509e+00, 1.3000e-01
1, 1, 3.7500e+01, 7.9865e+00, 2.1000e-01
1, 1, 3.7500e+01, 7.2076e+00, 3.5000e-01
1, 1, 3.7500e+01, 6.4171e+00, 6.0000e-01
1, 1, 3.7500e+01, 5.7620e+00, 9.5000e-01
1, 1, 3.7500e+01, 4.9481e+00, 1.7000e+00
1, 1, 3.7500e+01, 4.1608e+00, 3.0000e+00
1, 1, 3.7500e+01, 3.4223e+00, 5.1000e+00
1, 1, 3.7500e+01, 2.7345e+00, 8.3000e+00
1, 1, 3.7500e+01, 2.2034e+00, 1.2000e+01
1, 1, 3.7500e+01, 1.5239e+00, 1.9000e+01
1, 1, 3.7500e+01, 8.2428e-01, 3.0000e+01
1, 1, 3.7500e+01, 3.6878e-01, 4.0000e+01
1, 1, 3.7500e+01, -1.5076e-01, 5.5000e+01
1, 1, 3.7500e+01, -6.0405e-01, 7.2000e+01
1, 1, 3.7500e+01, -9.9009e-01, 9.0000e+01
1, 1, 3.7500e+01, -1.1580e+00, 9.9000e+01
1, 1, 3.7500e+01, 1.9772e+01, 1.0000e-03
1, 1, 3.7500e+01, 1.7712e+01, 2.0000e-03
1, 1, 3.7500e+01, 1.5285e+01, 5.0000e-03
1, 1, 3.7500e+01, 1.4157e+01, 8.0000e-03
1, 1, 3.7500e+01, 1.3648e+01, 1.0000e-02
1, 1, 3.7500e+01, 1.2624e+01, 1.6000e-02
1, 1, 3.7500e+01, 1.1559e+01, 2.7000e-02
1, 1, 3.7500e+01, 1.0588e+01, 4.5000e-02
1, 1, 3.7500e+01, 9.6299e+00, 7.7000e-02
1, 1, 3.7500e+01, 8.7509e+00, 1.3000e-01
1, 1, 3.7500e+01, 7.9865e+00, 2.1000e-01
1, 1, 3.7500e+01, 7.2076e+00, 3.5000e-01
1, 1, 3.7500e+01, 6.4171e+00, 6.0000e-01
1, 1, 3.7500e+01, 5.7620e+00, 9.5000e-01
1, 1, 3.7500e+01, 4.9481e+00, 1.7000e+00
1, 1, 3.7500e+01, 4.1608e+00, 3.0000e+00
1, 1, 3.7500e+01, 3.4223e+00, 5.1000e+00
1, 1, 3.7500e+01, 2.7345e+00, 8.3000e+00
1, 1, 3.7500e+01, 2.2034e+00, 1.2000e+01
1, 1, 3.7500e+01, 1.5239e+00, 1.9000e+01
1, 1, 3.7500e+01, 8.2428e-01, 3.0000e+01
1, 1, 3.7500e+01, 3.6878e-01, 4.0000e+01
1, 1, 3.7500e+01, -1.5076e-01, 5.5000e+01
1, 1, 3.7500e+01, -6.0405e-01, 7.2000e+01
1, 1, 3.7500e+01, -9.9009e-01, 9.0000e+01
1, 1, 3.7500e+01, -1.1580e+00, 9.9000e+01
1, 1, 3.7500e+01, 1.9772e+01, 1.0000e-03
1, 1, 3.7500e+01, 1.7712e+01, 2.0000e-03
1, 1, 3.7500e+01, 1.5285e+01, 5.0000e-03
1, 1, 3.7500e+01, 1.4157e+01, 8.0000e-03
1, 1, 3.7500e+01, 1.3648e+01, 1.0000e-02
1, 1, 3.7500e+01, 1.2624e+01, 1.6000e-02
1, 1, 3.7500e+01, 1.1559e+01, 2.7000e-02
1, 1, 3.7500e+01, 1.0588e+01, 4.5000e-02
1, 1, 3.7500e+01, 9.6299e+00, 7.7000e-02
1, 1, 3.7500e+01, 8.7509e+00, 1.3000e-01
1, 1, 3.7500e+01, 7.9865e+00, 2.1000e-01
1, 1, 3.7500e+01, 7.2076e+00, 3.5000e-01
1, 1, 3.7500e+01, 6.4171e+00, 6.0000e-01
1, 1, 3.7500e+01, 5.7620e+00, 9.5000e-01
1, 1, 3.7500e+01, 4.9481e+00, 1.7000e+00
1, 1, 3.7500e+01, 4.1608e+00, 3.0000e+00
1, 1, 3.7500e+01, 3.4223e+00, 5.1000e+00
1, 1, 3.7500e+01, 2.7345e+00, 8.3000e+00
1, 1, 3.7500e+01, 2.2034e+00, 1.2000e+01
1, 1, 3.7500e+01, 1.5239e+00, 1.9000e+01
1, 1, 3.7500e+01, 8.2428e-01, 3.0000e+01
1, 1, 3.7500e+01, 3.6878e-01, 4.0000e+01
1, 1, 3.7500e+01, -1.5076e-01, 5.5000e+01
1, 1, 3.7500e+01, -6.0405e-01, 7.2000e+01
1, 1, 3.7500e+01, -9.9009e-01, 9.0000e+01
1, 1, 3.7500e+01, -1.1580e+00, 9.9000e+01
1, 1, 3.7500e+01, 1.9772e+01, 1.0000e-03
1, 1, 3.7500e+01, 1.7712e+01, 2.0000e-03
1, 1, 3.7500e+01, 1.5285e+01, 5.0000e-03
1, 1, 3.7500e+01, 1.4157e+01, 8.0000e-03
1, 1, 3.7500e+01, 1.3648e+01, 1.0000e-02
1, 1, 3.7500e+01, 1.2624e+01, 1.6000e-02
1, 1, 3.7500e+01, 1.1559e+01, 2.7000e-02
1, 1, 3.7500e+01, 1.0588e+01, 4.5000e-02
1, 1, 3.7500e+01, 9.6299e+00, 7.7000e-02
1, 1, 3.7500e+01, 8.7509e+00, 1.3000e-01
1, 1, 3.7500e+01, 7.9865e+00, 2.1000e-01
1, 1, 3.7500e+01, 7.2076e+00, 3.5000e-01
1, 1, 3.7500e+01, 6.4171e+00, 6.0000e-01
1, 1, 3.7500e+01, 5.7620e+00, 9.5000e-01
1, 1, 3.7500e+01, 4.9481e+00, 1.7000e+00
1, 1, 3.7500e+01, 4.1608e+00, 3.0000e+00
1, 1, 3.7500e+01, 3.4223e+00, 5.1000e+00
1, 1, 3.7500e+01, 2.7345e+00, 8.3000e+00
1, 1, 3.7500e+01, 2.2034e+00, 1.2000e+01
1, 1, 3.7500e+01, 1.5239e+00, 1.9000e+01
1, 1, 3.7500e+01, 8.2428e-01, 3.0000e+01
1, 1, 3.7500e+01, 3.6878e-01, 4.0000e+01
1, 1, 3.7500e+01, -1.5076e-01, 5.5000e+01
1, 1, 3.7500e+01, -6.0405e-01, 7.2000e+01
1, 1, 3.7500e+01, -9.9009e-01, 9.0000e+01
1, 1, 3.7500e+01, -1.1580e+00, 9.9000e+01
1, 1, 3.7500e+01, 1.9772e+01, 1.0000e-03
1, 1, 3.7500e+01, 1.7712e+01, 2.0000e-03
1, 1, 3.7500e+01, 1.5285e+01, 5.0000e-03
1, 1, 3.7500e+01, 1.4157e+01, 8.0000e-03
1, 1, 3.7500e+01, 1.3648e+01, 1.0000e-02
1, 1, 3.7500e+01, 1.2624e+01, 1.6000e-02
1, 1, 3.7500e+01, 1.1559e+01, 2.7000e-02
1, 1, 3.7500e+01, 1.0588e+01, 4.5000e-02
1, 1, 3.7500e+01, 9.6299e+00, 7.7000e-02
1, 1, 3.7500e+01, 8.7509e+00, 1.3000e-01
1, 1, 3.7500e+01, 7.9865e+00, 2.1000e-01
1, 1, 3.7500e+01, 7.2076e+00, 3.5000e-01
1, 1, 3.7500e+01, 6.4171e+00, 6.0000e-01
1, 1, 3.7500e+01, 5.7620e+00, 9.5000e-01
1, 1, 3.7500e+01, 4.9481e+00, 1.7000e+00
1, 1, 3.7500e+01, 4.1608e+00, 3.0000e+00
1, 1, 3.7500e+01, 3.4223e+00, 5.1000e+00
1, 1, 3.7500e+01, 2.7345e+00, 8.3000e+00
1, 1, 3.7500e+01, 2.2034e+00, 1.2000e+01
1, 1, 3.7500e+01, 1.5239e+00, 1.9000e+01
1, 1, 3.7500e+01, 8.2428e-01, 3.0000e+01
1, 1, 3.7500e+01, 3.6878e-01, 4.0000e+01
1, 1, 3.7500e+01, -1.5076e-01, 5.5000e+01
1, 1, 3.7500e+01, -6.0405e-01, 7.2000e+01
1, 1, 3.7500e+01, -9.9009e-01, 9.0000e+01
1, 1, 3.7500e+01, -1.1580e+00, 9.9000e+01
1, 1, 3.7500e+01, 1.9772e+01, 1.0000e-03
1, 1, 3.7500e+01, 1.7712e+01, 2.0000e-03
1, 1, 3.7500e+01, 1.5285e+01, 5.0000e-03
1, 1, 3.7500e+01, 1.4157e+01, 8.0000e-03
1, 1, 3.7500e+01, 1.3648e+01, 1.0000e-02
1, 1, 3.7500e+01, 1.2624e+01, 1.6000e-02
1, 1, 3.7500e+01, 1.1559e+01, 2.7000e-02
1, 1, 3.7500e+01, 1.0588e+01, 4.5000e-02
1, 1, 3.7500e+01, 9.6299e+00, 7.7000e-02
1, 1, 3.7500e+01, 8.7509e+00, 1.3000e-01
1, 1, 3.7500e+01, 7.9865e+00, 2.1000e-01
1, 1, 3.7500e+01, 7.2076e+00, 3.5000e-01
1, 1, 3.7500e+01, 6.4171e+00, 6.0000e-01
1, 1, 3.7500e+01, 5.7620e+00, 9.5000e-01
1, 1, 3.7500e+01, 4.9481e+00, 1.7000e+00
1, 1, 3.7500e+01, 4.1608e+00, 3.0000e+00
1, 1, 3.7500e+01, 3.4223e+00, 5.1000e+00
1, 1, 3.7500e+01, 2.7345e+00, 8.3000e+00
1, 1, 3.7500e+01, 2.2034e+00, 1.2000e+01
1, 1, 3.7500e+01, 1.5239e+00, 1.9000e+01
1, 1, 3.7500e+01, 8.2428e-01, 3.0000e+01
1, 1, 3.7500e+01, 3.6878e-01, 4.0000e+01
1, 1, 3.7500e+01, -1.5076e-01, 5.5000e+01
1, 1, 3.7500e+01, -6.0405e-01, 7.2000e+01
1, 1, 3.7500e+01, -9.9009e-01, 9.0000e+01
1, 1, 3.7500e+01, -1.1580e+00, 9.9000e+01
1, 1, 3.7500e+01, 1.9772e+01, 1.0000e-03
1, 1, 3.7500e+01, 1.7712e+01, 2.0000e-03
1, 1, 3.7500e+01, 1.5285e+01, 5.0000e-03
1, 1, 3.7500e+01, 1.4157e+01, 8.0000e-03
1, 1, 3.7500e+01, 1.3648e+01, 1.0000e-02
1, 1, 3.7500e+01, 1.2624e+01, 1.6000e-02
1, 1, 3.7500e+01, 1.1559e+01, 2.7000e-02
1, 1, 3.7500e+01, 1.0588e+01, 4.5000e-02
1, 1, 3.7500e+01, 9.6299e+00, 7.7000e-02
1, 1, 3.7500e+01, 8.7509e+00, 1.3000e-01
1, 1, 3.7500e+01, 7.9865e+00, 2.1000e-01
1, 1, 3.7500e+01, 7.2076e+00, 3.5000e-01
1, 1, 3.7500e+01, 6.4171e+00, 6.0000e-01
1, 1, 3.7500e+01, 5.7620e+00, 9.5000e-01
1, 1, 3.7500e+01, 4.9481e+00, 1.7000e+00
1, 1, 3.7500e+01, 4.1608e+00, 3.0000e+00
1, 1, 3.7500e+01, 3.4223e+00, 5.1000e+00
1, 1, 3.7500e+01, 2.7345e+00, 8.3000e+00
1, 1, 3.7500e+01, 2.2034e+00, 1.2000e+01
1, 1, 3.7500e+01, 1.5239e+00, 1.9000e+01
1, 1, 3.7500e+01, 8.2428e-01, 3.0000e+01
1, 1, 3.7500e+01, 3.6878e-01, 4.0000e+01
1, 1, 3.7500e+01, -1.5076e-01, 5.5000e+01
1, 1, 3.7500e+01, -6.0405e-01, 7.2000e+01
1, 1, 3.7500e+01, -9.9009e-01, 9.0000e+01
1, 1, 3.7500e+01, -1.1580e+00, 9.9000e+01
1, 1, 3.7500e+01, 1.9772e+01, 1.0000e-03
1, 1, 3.7500e+01, 1.7712e+01, 2.0000e-03
1, 1, 3.7500e+01, 1.5285e+01, 5.0000e-03
1, 1, 3.7500e+01, 1.4157e+01, 8.0000e-03
1, 1, 3.7500e+01, 1.3648e+01, 1.0000e-02
1, 1, 3.7500e+01, 1.2624e+01, 1.6000e-02
1, 1, 3.7500e+01, 1.1559e+01, 2.7000e-02
1, 1, 3.7500e+01, 1.0588e+01, 4.5000e-02
1, 1, 3.7500e+01, 9.6299e+00, 7.7000e-02
1, 1, 3.7500e+01, 8.7509e+00, 1.3000e-01
1, 1, 3.7500e+01, 7.9865e+00, 2.1000e-01
1, 1, 3.7500e+01, 7.2076e+00, 3.5000e-01
1, 1, 3.7500e+01, 6.4171e+00, 6.0000e-01
1, 1, 3.7500e+01, 5.7620e+00, 9.5000e-01
1, 1, 3.7500e+01, 4.9481e+00, 1.7000e+00
1, 1, 3.7500e+01, 4.1608e+00, 3.0000e+00
1, 1, 3.7500e+01, 3.4223e+00, 5.1000e+00
1, 1, 3.7500e+01, 2.7345e+00, 8.3000e+00
1, 1, 3.7500e+01, 2.2034e+00, 1.2000e+01
1, 1, 3.7500e+01, 1.5239e+00, 1.9000e+01
1, 1, 3.7500e+01, 8.2428e-01, 3.0000e+01
1, 1, 3.7500e+01, 3.6878e-01, 4.0000e+01
1, 1, 3.7500e+01, -1.5076e-01, 5.5000e+01
1, 1, 3.7500e+01, -6.0405e-01, 7.2000e+01
1, 1, 3.7500e+01, -9.9009e-01, 9.0000e+01
1, 1, 3.7500e+01, -1.1580e+00, 9.9000e+01
1, 1, 3.7500e+01, 1.9772e+01, 1.0000e-03
1, 1, 3.7500e+01, 1.7712e+01, 2.0000e-03
1, 1, 3.7500e+01, 1.5285e+01, 5.0000e-03
1, 1, 3.7500e+01, 1.4157e+01, 8.0000e-03
1, 1, 3.7500e+01, 1.3648e+01, 1.0000e-02
1, 1, 3.7500e+01, 1.2624e+01, 1.6000e-02
1, 1, 3.7500e+01, 1.1559e+01, 2.7000e-02
1, 1, 3.7500e+01, 1.0588e+01, 4.5000e-02
1, 1, 3.7500e+01, 9.6299e+00, 7.7000e-02
1, 1, 3.7500e+01, 8.7509e+00, 1.3000e-01
1, 1, 3.7500e+01, 7.9865e+00, 2.1000e-01
1, 1, 3.7500e+01, 7.2076e+00, 3.5000e-01
1, 1, 3.7500e+01, 6.4171e+00, 6.0000e-01
1, 1, 3.7500e+01, 5.7620e+00, 9.5000e-01
1, 1, 3.7500e+01, 4.9481e+00, 1.7000e+00
1, 1, 3.7500e+01, 4.1608e+00, 3.0000e+00
1, 1, 3.7500e+01, 3.4223e+00, 5.1000e+00
1, 1, 3.7500e+01, 2.7345e+00, 8.3000e+00
1, 1, 3.7500e+01, 2.2034e+00, 1.2000e+01
1, 1, 3.7500e+01, 1.5239e+00, 1.9000e+01
1, 1, 3.7500e+01, 8.2428e-01, 3.0000e+01
1, 1, 3.7500e+01, 3.6878e-01, 4.0000e+01
1, 1, 3.7500e+01, -1.5076e-01, 5.5000e+01
1, 1, 3.7500e+01, -6.0405e-01, 7.2000e+01
1, 1, 3.7500e+01, -9.9009e-01, 9.0000e+01
1, 1, 3.7500e+01, -1.1580e+00, 9.9000e+01
1, 1, 3.7500e+01, 1.9772e+01, 1.0000e-03
1, 1, 3.7500e+01, 1.7712e+01, 2.0000e-03
1, 1, 3.7500e+01, 1.5285e+01, 5.0000e-03
1, 1, 3.7500e+01, 1.4157e+01, 8.0000e-03
1, 1, 3.7500e+01, 1.3648e+01, 1.0000e-02
1, 1, 3.7500e+01, 1.2624e+01, 1.6000e-02
1, 1, 3.7500e+01, 1.1559e+01, 2.7000e-02
1, 1, 3.7500e+01, 1.0588e+01, 4.5000e-02
1, 1, 3.7500e+01, 9.6299e+00, 7.7000e-02
1, 1, 3.7500e+01, 8.7509e+00, 1.3000e-01
1, 1, 3.7500e+01, 7.9865e+00, 2.1000e-01
1, 1, 3.7500e+01, 7.2076e+00, 3.5000e-01
1, 1, 3.7500e+01, 6.4171e+00, 6.0000e-01
1, 1, 3.7500e+01, 5.7620e+00, 9.5000e-01
1, 1, 3.7500e+01, 4.9481e+00, 1.7000e+00
1, 1, 3.7500e+01, 4.1608e+00, 3.0000e+00
1, 1, 3.7500e+01, 3.4223e+00, 5.1000e+00
1, 1, 3.7500e+01, 2.7345e+00, 8.3000e+00
1, 1, 3.7500e+01, 2.2034e+00, 1.2000e+01
1, 1, 3.7500e+01, 1.5239e+00, 1.9000e+01
1, 1, 3.7500e+01, 8.2428e-01, 3.0000e+01
1, 1, 3.7500e+01, 3.6878e-01, 4.0000e+01
1, 1, 3.7500e+01, -1.5076e-01, 5.5000e+01
1, 1, 3.7500e+01, -6.0405e-01, 7.2000e+01
1, 1, 3.7500e+01, -9.9009e-01, 9.0000e+01
1, 1, 3.7500e+01, -1.1580e+00, 9.9000e+01
1, 1, 3.7500e+01, 1.9772e+01, 1.0000e-03
1, 1, 3.7500e+01, 1.7712e+01, 2.0000e-03
1, 1, 3.7500e+01, 1.5285e+01, 5.0000e-03
1, 1, 3.7500e+01, 1.4157e+01, 8.0000e-03
1, 1, 3.7500e+01, 1.3648e+01, 1.0000e-02
1, 1, 3.7500e+01, 1.2624e+01, 1.6000e-02
1, 1, 3.7500e+01, 1.1559e+01, 2.7000e-02
1, 1, 3.7500e+01, 1.0588e+01, 4.5000e-02
1, 1, 3.7500e+01, 9.6299e+00, 7.7000e-02
1, 1, 3.7500e+01, 8.7509e+00, 1.3000e-01
1, 1, 3.7500e+01, 7.9865e+00, 2.1000e-01
1, 1, 3.7500e+01, 7.2076e+00, 3.5000e-01
1, 1, 3.7500e+01, 6.4171e+00, 6.0000e-01
1, 1, 3.7500e+01, 5.7620e+00, 9.5000e-01
1, 1, 3.7500e+01, 4.9481e+00, 1.7000e+00
1, 1, 3.7500e+01, 4.1608e+00, 3.0000e+00
1, 1, 3.7500e+01, 3.4223e+00, 5.1000e+00
1, 1, 3.7500e+01, 2.7345e+00, 8.3000e+00
1, 1, 3.7500e+01, 2.2034e+00, 1.2000e+01
1, 1, 3.7500e+01, 1.5239e+00, 1.9000e+01
1, 1, 3.7500e+01, 8.2428e-01, 3.0000e+01
1, 1, 3.7500e+01, 3.6878e-01, 4.0000e+01
1, 1, 3.7500e+01, -1.5076e-01, 5.5000e+01
1, 1, 3.7500e+01, -6.0405e-01, 7.2000e+01
1, 1, 3.7500e+01, -9.9009e-01, 9.0000e+01
1, 1, 3.7500e+01, -1.1580e+00, 9.9000e+01
1, 1, 3.7500e+01, 1.9772e+01, 1.0000e-03
1, 1, 3.7500e+01, 1.7712e+01, 2.0000e-03
1, 1, 3.7500e+01, 1.5285e+01, 5.0000e-03
1, 1, 3.7500e+01, 1.4157e+01, 8.0000e-03
1, 1, 3.7500e+01, 1.3648e+01, 1.0000e-02
1, 1, 3.7500e+01, 1.2624e+01, 1.6000e-02
1, 1, 3.7500e+01, 1.1559e+01, 2.7000e-02
1, 1, 3.7500e+01, 1.0588e+01, 4.5000e-02
1, 1, 3.7500e+01, 9.6299e+00, 7.7000e-02
1, 1, 3.7500e+01, 8.7509e+00, 1.3000e-01
1, 1, 3.7500e+01, 7.9865e+00, 2.1000e-01
1, 1, 3.7500e+01, 7.2076e+00, 3.5000e-01
1, 1, 3.7500e+01, 6.4171e+00, 6.0000e-01
1, 1, 3.7500e+01, 5.7620e+00, 9.5000e-01
1, 1, 3.7500e+01, 4.9481e+00, 1.7000e+00
1, 1, 3.7500e+01, 4.1608e+00, 3.0000e+00
1, 1, 3.7500e+01, 3.4223e+00, 5.1000e+00
1, 1, 3.7500e+01, 2.7345e+00, 8.3000e+00
1, 1, 3.7500e+01, 2.2034e+00, 1.2000e+01
1, 1, 3.7500e+01, 1.5239e+00, 1.9000e+01
1, 1, 3.7500e+01, 8.2428e-01, 3.0000e+01
1, 1, 3.7500e+01, 3.6878e-01, 4.0000e+01
1, 1, 3.7500e+01, -1.5076e-01, 5.5000e+01
1, 1, 3.7500e+01, -6.0405e-01, 7.2000e+01
1, 1, 3.7500e+01, -9.9009e-01, 9.0000e+01
1, 1, 3.7500e+01, -1.1580e+00, 9.9000e+01
1, 1, 3.7500e+01, 1.9772e+01, 1.0000e-03
1, 1, 3.7500e+01, 1.7712e+01, 2.0000e-03
1, 1, 3.7500e+01, 1.5285e+01, 5.0000e-03
1, 1, 3.7500e+01, 1.4157e+01, 8.0000e-03
1, 1, 3.7500e+01, 1.3648e+01, 1.0000e-02
1, 1, 3.7500e+01, 1.2624e+01, 1.6000e-02
1, 1, 3.7500e+01, 1.1559e+01, 2.7000e-02
1, 1, 3.7500e+01, 1.0588e+01, 4.5000e-02
1, 1, 3.7500e+01, 9.6299e+00, 7.7000e-02
1, 1, 3.7500e+01, 8.7509e+00, 1.3000e-01
1, 1, 3.7500e+01, 7.9865e+00, 2.1000e-01
1, 1, 3.7500e+01, 7.2076e+00, 3.5000e-01
1, 1, 3.7500e+01, 6.4171e+00, 6.0000e-01
1, 1, 3.7500e+01, 5.7620e+00, 9.5000e-01
1, 1, 3.7500e+01, 4.9481e+00, 1.7000e+00
1, 1, 3.7500e+01, 4.1608e+00, 3.0000e+00
1, 1, 3.7500e+01, 3.4223e+00, 5.1000e+00
1, 1, 3.7500e+01, 2.7345e+00, 8.3000e+00
1, 1, 3.7500e+01, 2.2034e+00, 1.2000e+01
1, 1, 3.7500e+01, 1.5239e+00, 1.9000e+01
1, 1, 3.7500e+01, 8.2428e-01, 3.0000e+01
1, 1, 3.7500e+01, 3.6878e-01, 4.0000e+01
1, 1, 3.7500e+01, -1.5076e-01, 5.5000e+01
1, 1, 3.7500e+01, -6.0405e-01, 7.2000e+01
1, 1, 3.7500e+01, -9.9009e-01, 9.0000e+01
1, 1, 3.7500e+01, -1.1580e+00, 9.9000e+01
1, 1, 3.7500e+01, 1.9772e+01, 1.0000e-03
1, 1, 3.7500e+01, 1.7712e+01, 2.0000e-03
1, 1, 3.7500e+01, 1.5285e+01, 5.0000e-03
1, 1, 3.7500e+01, 1.4157e+01, 8.0000e-03
1, 1, 3.7500e+01, 1.3648e+01, 1.0000e-02
1, 1, 3.7500e+01, 1.2624e+01, 1.6000e-02
1, 1, 3.7500e+01, 1.1559e+01, 2.7000e-02
1, 1, 3.7500e+01, 1.0588e+01, 4.5000e-02
1, 1, 3.7500e+01, 9.6299e+00, 7.7000e-02
1, 1, 3.7500e+01, 8.7509e+00, 1.3000e-01
1, 1, 3.7500e+01, 7.9865e+00, 2.1000e-01
1, 1, 3.7500e+01, 7.2076e+00, 3.5000e-01
1, 1, 3.7500e+01, 6.4171e+00, 6.0000e-01
1, 1, 3.7500e+01, 5.7620e+00, 9.5000e-01
1, 1, 3.7500e+01, 4.9481e+00, 1.7000e+00
1, 1, 3.7500e+01, 4.1608e+00, 3.0000e+00
1, 1, 3.7500e+01, 3.4223e+00, 5.1000e+00
1, 1, 3.7500e+01, 2.7345e+00, 8.3000e+00
1, 1, 3.7500e+01, 2.2034e+00, 1.2000e+01
1, 1, 3.7500e+01, 1.5239e+00, 1.9000e+01
1, 1, 3.7500e+01, 8.2428e-01, 3.0000e+01
1, 1, 3.7500e+01, 3.6878e-01, 4.0000e+01
1, 1, 3.7500e+01, -1.5076e-01, 5.5000e+01
1, 1, 3.7500e+01, -6.0405e-01, 7.2000e+01
1, 1, 3.7500e+01, -9.9009e-01, 9.0000e+01
1, 1, 3.7500e+01, -1.1580e+00, 9.9000e+01
1, 1, 3.7500e+01, 1.9772e+01, 1.0000e-03
1, 1, 3.7500e+01, 1.7712e+01, 2.0000e-03
1, 1, 3.7500e+01, 1.5285e+01, 5.0000e-03
1, 1, 3.7500e+01, 1.4157e+01, 8.0000e-03
1, 1, 3.7500e+01, 1.3648e+01, 1.0000e-02
1, 1, 3.7500e+01, 1.2624e+01, 1.6000e-02
1, 1, 3.7500e+01, 1.1559e+01, 2.7000e-02
1, 1, 3.7500e+01, 1.0588e+01, 4.5000e-02
1, 1, 3.7500e+01, 9.6299e+00, 7.7000e-02
1, 1, 3.7500e+01, 8.7509e+00, 1.3000e-01
1, 1, 3.7500e+01, 7.9865e+00, 2.1000e-01
1, 1, 3.7500e+01, 7.2076e+00, 3.5000e-01
1, 1, 3.7500e+01, 6.4171e+00, 6.0000e-01
1, 1, 3.7500e+01, 5.7620e+00, 9.5000e-01
1, 1, 3.7500e+01, 4.9481e+00, 1.7000e+00
1, 1, 3.7500e+01, 4.1608e+00, 3.0000e+00
1, 1, 3.7500e+01, 3.4223e+00, 5.1000e+00
1, 1, 3.7500e+01, 2.7345e+00, 8.3000e+00
1, 1, 3.7500e+01, 2.2034e+00, 1.2000e+01
1, 1, 3.7500e+01, 1.5239e+00, 1.9000e+01
1, 1, 3.7500e+01, 8.2428e-01, 3.0000e+01
1, 1, 3.7500e+01, 3.6878e-01, 4.0000e+01
1, 1, 3.7500e+01, -1.5076e-01, 5.5000e+01
1, 1, 3.7500e+01, -6.0405e-01, 7.2000e+01
1, 1, 3.7500e+01, -9.9009e-01, 9.0000e+01
1, 1, 3.7500e+01, -1.1580e+00, 9.9000e+01
1, 1, 3.7500e+01, 1.9772e+01, 1.0000e-03
1, 1, 3.7500e+01, 1.7712e+01, 2.0000e-03
1, 1, 3.7500e+01, 1.5285e+01, 5.0000e-03
1, 1, 3.7500e+01, 1.4157e+01, 8.0000e-03
1, 1, 3.7500e+01, 1.3648e+01, 1.0000e-02
1, 1, 3.7500e+01, 1.2624e+01, 1.6000e-02
1, 1, 3.7500e+01, 1.1559e+01, 2.7000e-02
1, 1, 3.7500e+01, 1.0588e+01, 4.5000e-02
1, 1, 3.7500e+01, 9.6299e+00, 7.7000e-02
1, 1, 3.7500e+01, 8.7509e+00, 1.3000e-01
1, 1, 3.7500e+01, 7.9865e+00, 2.1000e-01
1, 1, 3.7500e+01, 7.2076e+00, 3.5000e-01
1, 1, 3.7500e+01, 6.4171e+00, 6.0000e-01
1, 1, 3.7500e+01, 5.7620e+00, 9.5000e-01
1, 1, 3.7500e+01, 4.9481e+00, 1.7000e+00
1, 1, 3.7500e+01, 4.1608e+00, 3.0000e+00
1, 1, 3.7500e+01, 3.4223e+00, 5.1000e+00
1, 1, 3.7500e+01, 2.7345e+00, 8.3000e+00
1, 1, 3.7500e+01, 2.2034e+00, 1.2000e+01
1, 1, 3.7500e+01, 1.5239e+00, 1.9000e+01
1, 1, 3.7500e+01, 8.2428e-01, 3.0000e+01
1, 1, 3.7500e+01, 3.6878e-01, 4.0000e+01
1, 1, 3.7500e+01, -1.5076e-01, 5.5000e+01
1, 1, 3.7500e+01, -6.0405e-01, 7.2000e+01
1, 1, 3.7500e+01, -9.9009e-01, 9.0000e+01
1, 1, 3.7500e+01, -1.1580e+00, 9.9000e+01
1, 1, 3.7500e+01, 1.9772e+01, 1.0000e-03
1, 1, 3.7500e+01, 1.7712e+01, 2.0000e-03
1, 1, 3.7500e+01, 1.5285e+01, 5.0000e-03
1, 1, 3.7500e+01, 1.4157e+01, 8.0000e-03
1, 1, 3.7500e+01, 1.3648e+01, 1.0000e-02
1, 1, 3.7500e+01, 1.2624e+01, 1.6000e-02
1, 1, 3.7500e+01, 1.1559e+01, 2.7000e-02
1, 1, 3.7500e+01, 1.0588e+01, 4.5000e-02
1, 1, 3.7500e+01, 9.6299e+00, 7.7000e-02
1, 1, 3.7500e+01, 8.7509e+00, 1.3000e-01
1, 1, 3.7500e+01, 7.9865e+00, 2.1000e-01
1, 1, 3.7500e+01, 7.2076e+00, 3.5000e-01
1, 1, 3.7500e+01, 6.4171e+00, 6.0000e-01
1, 1, 3.7500e+01, 5.7620e+00, 9.5000e-01
1, 1, 3.7500e+01, 4.9481e+00, 1.7000e+00
1, 1, 3.7500e+01, 4.1608e+00, 3.0000e+00
1, 1, 3.7500e+01, 3.4223e+00, 5.1000e+00
1, 1, 3.7500e+01, 2.7345e+00, 8.3000e+00
1, 1, 3.7500e+01, 2.2034e+00, 1.2000e+01
1, 1, 3.7500e+01, 1.5239e+00, 1.9000e+01
1, 1, 3.7500e+01, 8.2428e-01, 3.0000e+01
1, 1, 3.7500e+01, 3.6878e-01, 4.0000e+01
1, 1, 3.7500e+01, -1.5076e-01, 5.5000e+01
1, 1, 3.7500e+01, -6.0405e-01, 7.2000e+01
1, 1, 3.7500e+01, -9.9009e-01, 9.0000e+01
1, 1, 3.7500e+01, -1.1580e+00, 9.9000e+01
1, 1, 3.7500e+01, 1.9772e+01, 1.0000e-03
1, 1, 3.7500e+01, 1.7712e+01, 2.0000e-03
1, 1, 3.7500e+01, 1.5285e+01, 5.0000e-03
1, 1, 3.7500e+01, 1.4157e+01, 8.0000e-03
1, 1, 3.7500e+01, 1.3648e+01, 1.0000e-02
1, 1, 3.7500e+01, 1.2624e+01, 1.6000e-02
1, 1, 3.7500e+01, 1.1559e+01, 2.7000e-02
1, 1, 3.7500e+01, 1.0588e+01, 4.5000e-02
1, 1, 3.7500e+01, 9.6299e+00, 7.7000e-02
1, 1, 3.7500e+01, 8.7509e+00, 1.3000e-01
1, 1, 3.7500e+01, 7.9865e+00, 2.1000e-01
1, 1, 3.7500e+01, 7.2076e+00, 3.5000e-01
1, 1, 3.7500e+01, 6.4171e+00, 6.0000e-01
1, 1, 3.7500e+01, 5.7620e+00, 9.5000e-01
1, 1, 3.7500e+01, 4.9481e+00, 1.7000e+00
1, 1, 3.7500e+01, 4.1608e+00, 3.0000e+00
1, 1, 3.7500e+01, 3.4223e+00, 5.1000e+00
1, 1, 3.7500e+01, 2.7345e+00, 8.3000e+00
1, 1, 3.7500e+01, 2.2034e+00, 1.2000e+01
1, 1, 3.7500e+01, 1.5239e+00, 1.9000e+01
1, 1, 3.7500e+01, 8.2428e-01, 3.0000e+01
1, 1, 3.7500e+01, 3.6878e-01, 4.0000e+01
1, 1, 3.7500e+01, -1.5076e-01, 5.5000e+01
1, 1, 3.7500e+01, -6.0405e-01, 7.2000e+01
1, 1, 3.7500e+01, -9.9009e-01, 9.0000e+01
1, 1, 3.7500e+01, -1.1580e+00, 9.9000e+01
1, 1, 3.7500e+01, 1.9772e+01, 1.0000e-03
1, 1, 3.7500e+01, 1.7712e+01, 2.0000e-03
1, 1, 3.7500e+01, 1.5285e+01, 5.0000e-03
1, 1, 3.7500e+01, 1.4157e+01, 8.0000e-03
1, 1, 3.7500e+01, 1.3648e+01, 1.0000e-02
1, 1, 3.7500e+01, 1.2624e+01, 1.6000e-02
1, 1, 3.7500e+01, 1.1559e+01, 2.7000e-02
1, 1, 3.7500e+01, 1.0588e+01, 4.5000e-02
1, 1, 3.7500e+01, 9.6299e+00, 7.7000e-02
1, 1, 3.7500e+01, 8.7509e+00, 1.3000e-01
1, 1, 3.7500e+01, 7.9865e+00, 2.1000e-01
1, 1, 3.7500e+01, 7.2076e+00, 3.5000e-01
1, 1, 3.7500e+01, 6.4171e+00, 6.0000e-01
1, 1, 3.7500e+01, 5.7620e+00, 9.5000e-01
1, 1, 3.7500e+01, 4.9481e+00, 1.7000e+00
1, 1, 3.7500e+01, 4.1608e+00, 3.0000e+00
1, 1, 3.7500e+01, 3.4223e+00, 5.1000e+00
1, 1, 3.7500e+01, 2.7345e+00, 8.3000e+00
1, 1, 3.7500e+01, 2.2034e+00, 1.2000e+01
1, 1, 3.7500e+01, 1.5239e+00, 1.9000e+01
1, 1, 3.7500e+01, 8.2428e-01, 3.0000e+01
1, 1, 3.7500e+01, 3.6878e-01, 4.0000e+01
1, 1, 3.7500e+01, -1.5076e-01, 5.5000e+01
1, 1, 3.7500e+01, -6.0405e-01, 7.2000e+01
1, 1, 3.7500e+01, -9.9009e-01, 9.0000e+01
1, 1, 3.7500e+01, -1.1580e+00, 9.9000e+01
1, 1, 3.7500e+01, 1.9772e+01, 1.0000e-03
1, 1, 3.7500e+01, 1.7712e+01, 2.0000e-03
1, 1, 3.7500e+01, 1.5285e+01, 5.0000e-03
1, 1, 3.7500e+01, 1.4157e+01, 8.0000e-03
1, 1, 3.7500e+01, 1.3648e+01, 1.0000e-02
1, 1, 3.7500e+01, 1.2624e+01, 1.6000e-02
1, 1, 3.7500e+01, 1.1559e+01, 2.7000e-02
1, 1, 3.7500e+01, 1.0588e+01, 4.5000e-02
1, 1, 3.7500e+01, 9.6299e+00, 7.7000e-02
1, 1, 3.7500e+01, 8.7509e+00, 1.3000e-01
1, 1, 3.7500e+01, 7.9865e+00, 2.1000e-01
1, 1, 3.7500e+01, 7.2076e+00, 3.5000e-01
1, 1, 3.7500e+01, 6.4171e+00, 6.0000e-01
1, 1, 3.7500e+01, 5.7620e+00, 9.5000e-01
1, 1, 3.7500e+01, 4.9481e+00, 1.7000e+00
1, 1, 3.7500e+01, 4.1608e+00, 3.0000e+00
1, 1, 3.7500e+01, 3.4223e+00, 5.1000e+00
1, 1, 3.7500e+01, 2.7345e+00, 8.3000e+00
1, 1, 3.7500e+01, 2.2034e+00, 1.2000e+01
1, 1, 3.7500e+01, 1.5239e+00, 1.9000e+01
1, 1, 3.7500e+01, 8.2428e-01, 3.0000e+01
1, 1, 3.7500e+01, 3.6878e-01, 4.0000e+01
1, 1, 3.7500e+01, -1.5076e-01, 5.5000e+01
1, 1, 3.7500e+01, -6.0405e-01, 7.2000e+01
1, 1, 3.7500e+01, -9.9009e-01, 9.0000e+01
1, 1, 3.7500e+01, -1.1580e+00, 9.9000e+01
1, 1, 3.7500e+01, 1.9772e+01, 1.0000e-03
1, 1, 3.7500e+01, 1.7712e+01, 2.0000e-03
1, 1, 3.7500e+01, 1.5285e+01, 5.0000e-03
1, 1, 3.7500e+01, 1.4157e+01, 8.0000e-03
1, 1, 3.7500e+01, 1.3648e+01, 1.0000e-02
1, 1, 3.7500e+01, 1.2624e+01, 1.6000e-02
1, 1, 3.7500e+01, 1.1559e+01, 2.7000e-02
1, 1, 3.7500e+01, 1.0588e+01, 4.5000e-02
1, 1, 3.7500e+01, 9.6299e+00, 7.7000e-02
1, 1, 3.7500e+01, 8.7509e+00, 1.3000e-01
1, 1, 3.7500e+01, 7.9865e+00, 2.1000e-01
1, 1, 3.7500e+01, 7.2076e+00, 3.5000e-01
1, 1, 3.7500e+01, 6.4171e+00, 6.0000e-01
1, 1, 3.7500e+01, 5.7620e+00, 9.5000e-01
1, 1, 3.7500e+01, 4.9481e+00, 1.7000e+00
1, 1, 3.7500e+01, 4.1608e+00, 3.0000e+00
1, 1, 3.7500e+01, 3.4223e+00, 5.1000e+00
1, 1, 3.7500e+01, 2.7345e+00, 8.3000e+00
1, 1, 3.7500e+01, 2.2034e+00, 1.2000e+01
1, 1, 3.7500e+01, 1.5239e+00, 1.9000e+01
1, 1, 3.7500e+01, 8.2428e-01, 3.0000e+01
1, 1, 3.7500e+01, 3.6878e-01, 4.0000e+01
1, 1, 3.7500e+01, -1.5076e-01, 5.5000e+01
1, 1, 3.7500e+01, -6.0405e-01, 7.2000e+01
1, 1, 3.7500e+01, -9.9009e-01, 9.0000e+01
1, 1, 3.7500e+01, -1.1580e+00, 9.9000e+01
1, 1, 3.7500e+01, 1.9772e+01, 1.0000e-03
1, 1, 3.7500e+01, 1.7712e+01, 2.0000e-03
1, 1, 3.7500e+01, 1.5285e+01, 5.0000e-03
1, 1, 3.7500e+01, 1.4157e+01, 8.0000e-03
1, 1, 3.7500e+01, 1.3648e+01, 1.0000e-02
1, 1, 3.7500e+01, 1.2624e+01, 1.6000e-02
1, 1, 3.7500e+01, 1.1559e+01, 2.7000e-02
1, 1, 3.7500e+01, 1.0588e+01, 4.5000e-02
1, 1, 3.7500e+01, 9.6299e+00, 7.7000e-02
1, 1, 3.7500e+01, 8.7509e+00, 1.3000e-01
1, 1, 3.7500e+01, 7.9865e+00, 2.1000e-01
1, 1, 3.7500e+01, 7.2076e+00, 3.5000e-01
1, 1, 3.7500e+01, 6.4171e+00, 6.0000e-01
1, 1, 3.7500e+01, 5.7620e+00, 9.5000e-01
1, 1, 3.7500e+01, 4.9481e+00, 1.7000e+00
1, 1, 3.7500e+01, 4.1608e+00, 3.0000e+00
1, 1, 3.7500e+01, 3.4223e+00, 5.1000e+00
1, 1, 3.7500e+01, 2.7345e+00, 8.3000e+00
1, 1, 3.7500e+01, 2.2034e+00, 1.2000e+01
1, 1, 3.7500e+01, 1.5239e+00, 1.9000e+01
1, 1, 3.7500e+01, 8.2428e-01, 3.0000e+01
1, 1, 3.7500e+01, 3.6878e-01, 4.0000e+01
1, 1, 3.7500e+01, -1.5076e-01, 5.5000e+01
1, 1, 3.7500e+01, -6.0405e-01, 7.2000e+01
1, 1, 3.7500e+01, -9.9009e-01, 9.0000e+01
1, 1, 3.7500e+01, -1.1580e+00, 9.9000e+01
1, 1, 3.7500e+01, 1.9772e+01, 1.0000e-03
1, 1, 3.7500e+01, 1.7712e+01, 2.0000e-03
1, 1, 3.7500e+01, 1.5285e+01, 5.0000e-03
1, 1, 3.7500e+01, 1.4157e+01, 8.0000e-03
1, 1, 3.7500e+01, 1.3648e+01, 1.0000e-02
1, 1, 3.7500e+01, 1.2624e+01, 1.6000e-02
1, 1, 3.7500e+01, 1.1559e+01, 2.7000e-02
1, 1, 3.7500e+01, 1.0588e+01, 4.5000e-02
1, 1, 3.7500e+01, 9.6299e+00, 7.7000e-02
1, 1, 3.7500e+01, 8.7509e+00, 1.3000e-01
1, 1, 3.7500e+01, 7.9865e+00, 2.1000e-01
1, 1, 3.7500e+01, 7.2076e+00, 3.5000e-01
1, 1, 3.7500e+01, 6.4171e+00, 6.0000e-01
1, 1, 3.7500e+01, 5.7620e+00, 9.5000e-01
1, 1, 3.7500e+01, 4.9481e+00, 1.7000e+00
1, 1, 3.7500e+01, 4.1608e+00, 3.0000e+00
1, 1, 3.7500e+01, 3.4223e+00, 5.1000e+00
1, 1, 3.7500e+01, 2.7345e+00, 8.3000e+00
1, 1, 3.7500e+01, 2.2034e+00, 1.2000e+01
1, 1, 3.7500e+01, 1.5239e+00, 1.9000e+01
1, 1, 3.7500e+01, 8.2428e-01, 3.0000e+01
1, 1, 3.7500e+01, 3.6878e-01, 4.0000e+01
1, 1, 3.7500e+01, -1.5076e-01, 5.5000e+01
1, 1, 3.7500e+01, -6.0405e-01, 7.2000e+01
1, 1, 3.7500e+01, -9.9009e-01, 9.0000e+01
1, 1, 3.7500e+01, -1.1580e+00, 9.9000e+01
1, 2, 3.7500e+01, 8.6455e+00, 1.0000e-03
1, 2, 3.7500e+01, 7.7449e+00, 2.0000e-03
1, 2, 3.7500e+01, 6.6835e+00, 5.0000e-03
1, 2, 3.7500e+01, 6.1906e+00, 8.0000e-03
1, 2, 3.7500e+01, 5.9677e+00, 1.0000e-02
1, 2, 3.7500e+01, 5.5203e+00, 1.6000e-02
1, 2, 3.7500e+01, 5.0546e+00, 2.7000e-02
1, 2, 3.7500e+01, 4.6297e+00, 4.5000e-02
1, 2, 3.7500e+01, 4.2109e+00, 7.7000e-02
1, 2, 3.7500e+01, 3.8265e+00, 1.3000e-01
1, 2, 3.7500e+01, 3.4923e+00, 2.1000e-01
1, 2, 3.7500e+01, 3.1517e+00, 3.5000e-01
1, 2, 3.7500e+01, 2.8060e+00, 6.0000e-01
1, 2, 3.7500e+01, 2.5195e+00, 9.5000e-01
1, 2, 3.7500e+01, 2.1637e+00, 1.7000e+00
1, 2, 3.7500e+01, 1.8194e+00, 3.0000e+00
1, 2, 3.7500e+01, 1.4965e+00, 5.1000e+00
1, 2, 3.7500e+01, 1.1957e+00, 8.3000e+00
1, 2, 3.7500e+01, 9.6348e-01, 1.2000e+01
1, 2, 3.7500e+01, 6.6636e-01, 1.9000e+01
1, 2, 3.7500e+01, 3.6043e-01, 3.0000e+01
1, 2, 3.7500e+01, 1.6126e-01, 4.0000e+01
1, 2, 3.7500e+01, -6.5924e-02, 5.5000e+01
1, 2, 3.7500e+01, -2.6414e-01, 7.2000e+01
1, 2, 3.7500e+01, -4.3294e-01, 9.0000e+01
1, 2, 3.7500e+01, -5.0638e-01, 9.9000e+01
1, 2, 3.7500e+01, 8.6455e+00, 1.0000e-03
1, 2, 3.7500e+01, 7.7449e+00, 2.0000e-03
1, 2, 3.7500e+01, 6.6835e+00, 5.0000e-03
1, 2, 3.7500e+01, 6.1906e+00, 8.0000e-03
1, 2, 3.7500e+01, 5.9677e+00, 1.0000e-02
1, 2, 3.7500e+01, 5.5203e+00, 1.6000e-02
1, 2, 3.7500e+01, 5.0546e+00, 2.7000e-02
1, 2, 3.7500e+01, 4.6297e+00, 4.5000e-02
1, 2, 3.7500e+01, 4.2109e+00, 7.7000e-02
1, 2, 3.7500e+01, 3.8265e+00, 1.3000e-01
1, 2, 3.7500e+01, 3.4923e+00, 2.1000e-01
1, 2, 3.7500e+01, 3.1517e+00, 3.5000e-01
1, 2, 3.7500e+01, 2.8060e+00, 6.0000e-01
1, 2, 3.7500e+01, 2.5195e+00, 9.5000e-01
1, 2, 3.7500e+01, 2.1637e+00, 1.7000e+00
1, 2, 3.7500e+01, 1.8194e+00, 3.0000e+00
1, 2, 3.7500e+01, 1.4965e+00, 5.1000e+00
1, 2, 3.7500e+01, 1.1957e+00, 8.3000e+00
1, 2, 3.7500e+01, 9.6348e-01, 1.2000e+01
1, 2, 3.7500e+01, 6.6636e-01, 1.9000e+01
1, 2, 3.7500e+01, 3.6043e-01, 3.0000e+01
1, 2, 3.7500e+01, 1.6126e-01, 4.0000e+01
1, 2, 3.7500e+01, -6.5924e-02, 5.5000e+01
1, 2, 3.7500e+01, -2.6414e-01, 7.2000e+01
1, 2, 3.7500e+01, -4.3294e-01, 9.0000e+01
1, 2, 3.7500e+01, -5.0638e-01, 9.9000e+01
1, 2, 3.7500e+01, 8.6455e+00, 1.0000e-03
1, 2, 3.7500e+01, 7.7449e+00, 2.0000e-03
1, 2, 3.7500e+01, 6.6835e+00, 5.0000e-03
1, 2, 3.7500e+01, 6.1906e+00, 8.0000e-03
1, 2, 3.7500e+01, 5.9677e+00, 1.0000e-02
1, 2, 3.7500e+01, 5.5203e+00, 1.6000e-02
1, 2, 3.7500e+01, 5.0546e+00, 2.7000e-02
1, 2, 3.7500e+01, 4.6297e+00, 4.5000e-02
1, 2, 3.7500e+01, 4.2109e+00, 7.7000e-02
1, 2, 3.7500e+01, 3.8265e+00, 1.3000e-01
1, 2, 3.7500e+01, 3.4923e+00, 2.1000e-01
1, 2, 3.7500e+01, 3.1517e+00, 3.5000e-01
1, 2, 3.7500e+01, 2.8060e+00, 6.0000e-01
1, 2, 3.7500e+01, 2.5195e+00, 9.5000e-01
1, 2, 3.7500e+01, 2.1637e+00, 1.7000e+00
1, 2, 3.7500e+01, 1.8194e+00, 3.0000e+00
1, 2, 3.7500e+01, 1.4965e+00, 5.1000e+00
1, 2, 3.7500e+01, 1.1957e+00, 8.3000e+00
1, 2, 3.7500e+01, 9.6348e-01, 1.2000e+01
1, 2, 3.7500e+01, 6.6636e-01, 1.9000e+01
1, 2, 3.7500e+01, 3.6043e-01, 3.0000e+01
1, 2, 3.7500e+01, 1.6126e-01, 4.0000e+01
1, 2, 3.7500e+01, -6.5924e-02, 5.5000e+01
1, 2, 3.7500e+01, -2.6414e-01, 7.2000e+01
1, 2, 3.7500e+01, -4.3294e-01, 9.0000e+01
1, 2, 3.7500e+01, -5.0638e-01, 9.9000e+01
1, 2, 3.7500e+01, 8.6455e+00, 1.0000e-03
1, 2, 3.7500e+01, 7.7449e+00, 2.0000e-03
1, 2, 3.7500e+01, 6.6835e+00, 5.0000e-03
1, 2, 3.7500e+01, 6.1906e+00, 8.0000e-03
1, 2, 3.7500e+01, 5.9677e+00, 1.0000e-02
1, 2, 3.7500e+01, 5.5203e+00, 1.6000e-02
1, 2, 3.7500e+01, 5.0546e+00, 2.7000e-02
1, 2, 3.7500e+01, 4.6297e+00, 4.5000e-02
1, 2, 3.7500e+01, 4.2109e+00, 7.7000e-02
1, 2, 3.7500e+01, 3.8265e+00, 1.3000e-01
1, 2, 3.7500e+01, 3.4923e+00, 2.1000e-01
1, 2, 3.7500e+01, 3.1517e+00, 3.5000e-01
1, 2, 3.7500e+01, 2.8060e+00, 6.0000e-01
1, 2, 3.7500e+01, 2.5195e+00, 9.5000e-01
1, 2, 3.7500e+01, 2.1637e+00, 1.7000e+00
1, 2, 3.7500e+01, 1.8194e+00, 3.0000e+00
1, 2, 3.7500e+01, 1.4965e+00, 5.1000e+00
1, 2, 3.7500e+01, 1.1957e+00, 8.3000e+00
1, 2, 3.7500e+01, 9.6348e-01, 1.2000e+01
1, 2, 3.7500e+01, 6.6636e-01, 1.9000e+01
1, 2, 3.7500e+01, 3.6043e-01, 3.0000e+01
1, 2, 3.7500e+01, 1.6126e-01, 4.0000e+01
1, 2, 3.7500e+01, -6.5924e-02, 5.5000e+01
1, 2, 3.7500e+01, -2.6414e-01, 7.2000e+01
1, 2, 3.7500e+01, -4.3294e-01, 9.0000e+01
1, 2, 3.7500e+01, -5.0638e-01, 9.9000e+01
1, 2, 3.7500e+01, 8.6455e+00, 1.0000e-03
1, 2, 3.7500e+01, 7.7449e+00, 2.0000e-03
1, 2, 3.7500e+01, 6.6835e+00, 5.0000e-03
1, 2, 3.7500e+01, 6.1906e+00, 8.0000e-03
1, 2, 3.7500e+01, 5.9677e+00, 1.0000e-02
1, 2, 3.7500e+01, 5.5203e+00, 1.6000e-02
1, 2, 3.7500e+01, 5.0546e+00, 2.7000e-02
1, 2, 3.7500e+01, 4.6297e+00, 4.5000e-02
1, 2, 3.7500e+01, 4.2109e+00, 7.7000e-02
1, 2, 3.7500e+01, 3.8265e+00, 1.3000e-01
1, 2, 3.7500e+01, 3.4923e+00, 2.1000e-01
1, 2, 3.7500e+01, 3.1517e+00, 3.5000e-01
1, 2, 3.7500e+01, 2.8060e+00, 6.0000e-01
1, 2, 3.7500e+01, 2.5195e+00, 9.5000e-01
1, 2, 3.7500e+01, 2.1637e+00, 1.7000e+00
1, 2, 3.7500e+01, 1.8194e+00, 3.0000e+00
1, 2, 3.7500e+01, 1.4965e+00, 5.1000e+00
1, 2, 3.7500e+01, 1.1957e+00, 8.3000e+00
1, 2, 3.7500e+01, 9.6348e-01, 1.2000e+01
1, 2, 3.7500e+01, 6.6636e-01, 1.9000e+01
1, 2, 3.7500e+01, 3.6043e-01, 3.0000e+01
1, 2, 3.7500e+01, 1.6126e-01, 4.0000e+01
1, 2, 3.7500e+01, -6.5924e-02, 5.5000e+01
1, 2, 3.7500e+01, -2.6414e-01, 7.2000e+01
1, 2, 3.7500e+01, -4.3294e-01, 9.0000e+01
1, 2, 3.7500e+01, -5.0638e-01, 9.9000e+01
1, 2, 3.7500e+01, 8.6455e+00, 1.0000e-03
1, 2, 3.7500e+01, 7.7449e+00, 2.0000e-03
1, 2, 3.7500e+01, 6.6835e+00, 5.0000e-03
1, 2, 3.7500e+01, 6.1906e+00, 8.0000e-03
1, 2, 3.7500e+01, 5.9677e+00, 1.0000e-02
1, 2, 3.7500e+01, 5.5203e+00, 1.6000e-02
1, 2, 3.7500e+01, 5.0546e+00, 2.7000e-02
1, 2, 3.7500e+01, 4.6297e+00, 4.5000e-02
1, 2, 3.7500e+01, 4.2109e+00, 7.7000e-02
1, 2, 3.7500e+01, 3.8265e+00, 1.3000e-01
1, 2, 3.7500e+01, 3.4923e+00, 2.1000e-01
1, 2, 3.7500e+01, 3.1517e+00, 3.5000e-01
1, 2, 3.7500e+01, 2.8060e+00, 6.0000e-01
1, 2, 3.7500e+01, 2.5195e+00, 9.5000e-01
1, 2, 3.7500e+01, 2.1637e+00, 1.7000e+00
1, 2, 3.7500e+01, 1.8194e+00, 3.0000e+00
1, 2, 3.7500e+01, 1.4965e+00, 5.1000e+00
1, 2, 3.7500e+01, 1.1957e+00, 8.3000e+00
1, 2, 3.7500e+01, 9.6348e-01, 1.2000e+01
1, 2, 3.7500e+01, 6.6636e-01, 1.9000e+01
1, 2, 3.7500e+01, 3.6043e-01, 3.0000e+01
1, 2, 3.7500e+01, 1.6126e-01, 4.0000e+01
1, 2, 3.7500e+01, -6.5924e-02, 5.5000e+01
1, 2, 3.7500e+01, -2.6414e-01, 7.2000e+01
1, 2, 3.7500e+01, -4.3294e-01, 9.0000e+01
1, 2, 3.7500e+01, -5.0638e-01, 9.9000e+01
1, 2, 3.7500e+01, 8.6455e+00, 1.0000e-03
1, 2, 3.7500e+01, 7.7449e+00, 2.0000e-03
1, 2, 3.7500e+01, 6.6835e+00, 5.0000e-03
1, 2, 3.7500e+01, 6.1906e+00, 8.0000e-03
1, 2, 3.7500e+01, 5.9677e+00, 1.0000e-02
1, 2, 3.7500e+01, 5.5203e+00, 1.6000e-02
1, 2, 3.7500e+01, 5.0546e+00, 2.7000e-02
1, 2, 3.7500e+01, 4.6297e+00, 4.5000e-02
1, 2, 3.7500e+01, 4.2109e+00, 7.7000e-02
1, 2, 3.7500e+01, 3.8265e+00, 1.3000e-01
1, 2, 3.7500e+01, 3.4923e+00, 2.1000e-01
1, 2, 3.7500e+01, 3.1517e+00, 3.5000e-01
1, 2, 3.7500e+01, 2.8060e+00, 6.0000e-01
1, 2, 3.7500e+01, 2.5195e+00, 9.5000e-01
1, 2, 3.7500e+01, 2.1637e+00, 1.7000e+00
1, 2, 3.7500e+01, 1.8194e+00, 3.0000e+00
1, 2, 3.7500e+01, 1.4965e+00, 5.1000e+00
1, 2, 3.7500e+01, 1.1957e+00, 8.3000e+00
1, 2, 3.7500e+01, 9.6348e-01, 1.2000e+01
1, 2, 3.7500e+01, 6.6636e-01, 1.9000e+01
1, 2, 3.7500e+01, 3.6043e-01, 3.0000e+01
1, 2, 3.7500e+01, 1.6126e-01, 4.0000e+01
1, 2, 3.7500e+01, -6.5924e-02, 5.5000e+01
1, 2, 3.7500e+01, -2.6414e-01, 7.2000e+01
1, 2, 3.7500e+01, -4.3294e-01, 9.0000e+01
1, 2, 3.7500e+01, -5.0638e-01, 9.9000e+01
1, 2, 3.7500e+01, 8.6455e+00, 1.0000e-03
1, 2, 3.7500e+01, 7.7449e+00, 2.0000e-03
1, 2, 3.7500e+01, 6.6835e+00, 5.0000e-03
1, 2, 3.7500e+01, 6.1906e+00, 8.0000e-03
1, 2, 3.7500e+01, 5.9677e+00, 1.0000e-02
1, 2, 3.7500e+01, 5.5203e+00, 1.6000e-02
1, 2, 3.7500e+01, 5.0546e+00, 2.7000e-02
1, 2, 3.7500e+01, 4.6297e+00, 4.5000e-02
1, 2, 3.7500e+01, 4.2109e+00, 7.7000e-02
1, 2, 3.7500e+01, 3.8265e+00, 1.3000e-01
1, 2, 3.7500e+01, 3.4923e+00, 2.1000e-01
1, 2, 3.7500e+01, 3.1517e+00, 3.5000e-01
1, 2, 3.7500e+01, 2.8060e+00, 6.0000e-01
1, 2, 3.7500e+01, 2.5195e+00, 9.5000e-01
1, 2, 3.7500e+01, 2.1637e+00, 1.7000e+00
1, 2, 3.7500e+01, 1.8194e+00, 3.0000e+00
1, 2, 3.7500e+01, 1.4965e+00, 5.1000e+00
1, 2, 3.7500e+01, 1.1957e+00, 8.3000e+00
1, 2, 3.7500e+01, 9.6348e-01, 1.2000e+01
1, 2, 3.7500e+01, 6.6636e-01, 1.9000e+01
1, 2, 3.7500e+01, 3.6043e-01, 3.0000e+01
1, 2, 3.7500e+01, 1.6126e-01, 4.0000e+01
1, 2, 3.7500e+01, -6.5924e-02, 5.5000e+01
1, 2, 3.7500e+01, -2.6414e-01, 7.2000e+01
1, 2, 3.7500e+01, -4.3294e-01, 9.0000e+01
1, 2, 3.7500e+01, -5.0638e-01, 9.9000e+01
1, 2, 3.7500e+01, 8.6455e+00, 1.0000e-03
1, 2, 3.7500e+01, 7.7449e+00, 2.0000e-03
1, 2, 3.7500e+01, 6.6835e+00, 5.0000e-03
1, 2, 3.7500e+01, 6.1906e+00, 8.0000e-03
1, 2, 3.7500e+01, 5.9677e+00, 1.0000e-02
1, 2, 3.7500e+01, 5.5203e+00, 1.6000e-02
1, 2, 3.7500e+01, 5.0546e+00, 2.7000e-02
1, 2, 3.7500e+01, 4.6297e+00, 4.5000e-02
1, 2, 3.7500e+01, 4.2109e+00, 7.7000e-02
1, 2, 3.7500e+01, 3.8265e+00, 1.3000e-01
1, 2, 3.7500e+01, 3.4923e+00, 2.1000e-01
1, 2, 3.7500e+01, 3.1517e+00, 3.5000e-01
1, 2, 3.7500e+01, 2.8060e+00, 6.0000e-01
1, 2, 3.7500e+01, 2.5195e+00, 9.5000e-01
1, 2, 3.7500e+01, 2.1637e+00, 1.7000e+00
1, 2, 3.7500e+01, 1.8194e+00, 3.0000e+00
1, 2, 3.7500e+01, 1.4965e+00, 5.1000e+00
1, 2, 3.7500e+01, 1.1957e+00, 8.3000e+00
1, 2, 3.7500e+01, 9.6348e-01, 1.2000e+01
1, 2, 3.7500e+01, 6.6636e-01, 1.9000e+01
1, 2, 3.7500e+01, 3.6043e-01, 3.0000e+01
1, 2, 3.7500e+01, 1.6126e-01, 4.0000e+01
1, 2, 3.7500e+01, -6.5924e-02, 5.5000e+01
1, 2, 3.7500e+01, -2.6414e-01, 7.2000e+01
1, 2, 3.7500e+01, -4.3294e-01, 9.0000e+01
1, 2, 3.7500e+01, -5.0638e-01, 9.9000e+01
1, 2, 3.7500e+01, 8.6455e+00, 1.0000e-03
1, 2, 3.7500e+01, 7.7449e+00, 2.0000e-03
1, 2, 3.7500e+01, 6.6835e+00, 5.0000e-03
1, 2, 3.7500e+01, 6.1906e+00, 8.0000e-03
1, 2, 3.7500e+01, 5.9677e+00, 1.0000e-02
1, 2, 3.7500e+01, 5.5203e+00, 1.6000e-02
1, 2, 3.7500e+01, 5.0546e+00, 2.7000e-02
1, 2, 3.7500e+01, 4.6297e+00, 4.5000e-02
1, 2, 3.7500e+01, 4.2109e+00, 7.7000e-02
1, 2, 3.7500e+01, 3.8265e+00, 1.3000e-01
1, 2, 3.7500e+01, 3.4923e+00, 2.1000e-01
1, 2, 3.7500e+01, 3.1517e+00, 3.5000e-01
1, 2, 3.7500e+01, 2.8060e+00, 6.0000e-01
1, 2, 3.7500e+01, 2.5195e+00, 9.5000e-01
1, 2, 3.7500e+01, 2.1637e+00, 1.7000e+00
1, 2, 3.7500e+01, 1.8194e+00, 3.0000e+00
1, 2, 3.7500e+01, 1.4965e+00, 5.1000e+00
1, 2, 3.7500e+01, 1.1957e+00, 8.3000e+00
1, 2, 3.7500e+01, 9.6348e-01, 1.2000e+01
1, 2, 3.7500e+01, 6.6636e-01, 1.9000e+01
1, 2, 3.7500e+01, 3.6043e-01, 3.0000e+01
1, 2, 3.7500e+01, 1.6126e-01, 4.0000e+01
1, 2, 3.7500e+01, -6.5924e-02, 5.5000e+01
1, 2, 3.7500e+01, -2.6414e-01, 7.2000e+01
1, 2, 3.7500e+01, -4.3294e-01, 9.0000e+01
1, 2, 3.7500e+01, -5.0638e-01, 9.9000e+01
1, 2, 3.7500e+01, 8.6455e+00, 1.0000e-03
1, 2, 3.7500e+01, 7.7449e+00, 2.0000e-03
1, 2, 3.7500e+01, 6.6835e+00, 5.0000e-03
1, 2, 3.7500e+01, 6.1906e+00, 8.0000e-03
1, 2, 3.7500e+01, 5.9677e+00, 1.0000e-02
1, 2, 3.7500e+01, 5.5203e+00, 1.6000e-02
1, 2, 3.7500e+01, 5.0546e+00, 2.7000e-02
1, 2, 3.7500e+01, 4.6297e+00, 4.5000e-02
1, 2, 3.7500e+01, 4.2109e+00, 7.7000e-02
1, 2, 3.7500e+01, 3.8265e+00, 1.3000e-01
1, 2, 3.7500e+01, 3.4923e+00, 2.1000e-01
1, 2, 3.7500e+01, 3.1517e+00, 3.5000e-01
1, 2, 3.7500e+01, 2.8060e+00, 6.0000e-01
1, 2, 3.7500e+01, 2.5195e+00, 9.5000e-01
1, 2, 3.7500e+01, 2.1637e+00, 1.7000e+00
1, 2, 3.7500e+01, 1.8194e+00, 3.0000e+00
1, 2, 3.7500e+01, 1.4965e+00, 5.1000e+00
1, 2, 3.7500e+01, 1.1957e+00, 8.3000e+00
1, 2, 3.7500e+01, 9.6348e-01, 1.2000e+01
1, 2, 3.7500e+01, 6.6636e-01, 1.9000e+01
1, 2, 3.7500e+01, 3.6043e-01, 3.0000e+01
1, 2, 3.7500e+01, 1.6126e-01, 4.0000e+01
1, 2, 3.7500e+01, -6.5924e-02, 5.5000e+01
1, 2, 3.7500e+01, -2.6414e-01, 7.2000e+01
1, 2, 3.7500e+01, -4.3294e-01, 9.0000e+01
1, 2, 3.7500e+01, -5.0638e-01, 9.9000e+01
1, 2, 3.7500e+01, 8.6455e+00, 1.0000e-03
1, 2, 3.7500e+01, 7.7449e+00, 2.0000e-03
1, 2, 3.7500e+01, 6.6835e+00, 5.0000e-03
1, 2, 3.7500e+01, 6.1906e+00, 8.0000e-03
1, 2, 3.7500e+01, 5.9677e+00, 1.0000e-02
1, 2, 3.7500e+01, 5.5203e+00, 1.6000e-02
1, 2, 3.7500e+01, 5.0546e+00, 2.7000e-02
1, 2, 3.7500e+01, 4.6297e+00, 4.5000e-02
1, 2, 3.7500e+01, 4.2109e+00, 7.7000e-02
1, 2, 3.7500e+01, 3.8265e+00, 1.3000e-01
1, 2, 3.7500e+01, 3.4923e+00, 2.1000e-01
1, 2, 3.7500e+01, 3.1517e+00, 3.5000e-01
1, 2, 3.7500e+01, 2.8060e+00, 6.0000e-01
1, 2, 3.7500e+01, 2.5195e+00, 9.5000e-01
1, 2, 3.7500e+01, 2.1637e+00, 1.7000e+00
1, 2, 3.7500e+01, 1.8194e+00, 3.0000e+00
1, 2, 3.7500e+01, 1.4965e+00, 5.1000e+00
1, 2, 3.7500e+01, 1.1957e+00, 8.3000e+00
1, 2, 3.7500e+01, 9.6348e-01, 1.2000e+01
1, 2, 3.7500e+01, 6.6636e-01, 1.9000e+01
1, 2, 3.7500e+01, 3.6043e-01, 3.0000e+01
1, 2, 3.7500e+01, 1.6126e-01, 4.0000e+01
1, 2, 3.7500e+01, -6.5924e-02, 5.5000e+01
1, 2, 3.7500e+01, -2.6414e-01, 7.2000e+01
1, 2, 3.7500e+01, -4.3294e-01, 9.0000e+01
1, 2, 3.7500e+01, -5.0638e-01, 9.9000e+01
1, 2, 3.7500e+01, 8.6455e+00, 1.0000e-03
1, 2, 3.7500e+01, 7.7449e+00, 2.0000e-03
1, 2, 3.7500e+01, 6.6835e+00, 5.0000e-03
1, 2, 3.7500e+01, 6.1906e+00, 8.0000e-03
1, 2, 3.7500e+01, 5.9677e+00, 1.0000e-02
1, 2, 3.7500e+01, 5.5203e+00, 1.6000e-02
1, 2, 3.7500e+01, 5.0546e+00, 2.7000e-02
1, 2, 3.7500e+01, 4.6297e+00, 4.5000e-02
1, 2, 3.7500e+01, 4.2109e+00, 7.7000e-02
1, 2, 3.7500e+01, 3.8265e+00, 1.3000e-01
1, 2, 3.7500e+01, 3.4923e+00, 2.1000e-01
1, 2, 3.7500e+01, 3.1517e+00, 3.5000e-01
1, 2, 3.7500e+01, 2.8060e+00, 6.0000e-01
1, 2, 3.7500e+01, 2.5195e+00, 9.5000e-01
1, 2, 3.7500e+01, 2.1637e+00, 1.7000e+00
1, 2, 3.7500e+01, 1.8194e+00, 3.0000e+00
1, 2, 3.7500e+01, 1.4965e+00, 5.1000e+00
1, 2, 3.7500e+01, 1.1957e+00, 8.3000e+00
1, 2, 3.7500e+01, 9.6348e-01, 1.2000e+01
1, 2, 3.7500e+01, 6.6636e-01, 1.9000e+01
1, 2, 3.7500e+01, 3.6043e-01, 3.0000e+01
1, 2, 3.7500e+01, 1.6126e-01, 4.0000e+01
1, 2, 3.7500e+01, -6.5924e-02, 5.5000e+01
1, 2, 3.7500e+01, -2.6414e-01, 7.2000e+01
1, 2, 3.7500e+01, -4.3294e-01, 9.0000e+01
1, 2, 3.7500e+01, -5.0638e-01, 9.9000e+01
1, 2, 3.7500e+01, 8.6455e+00, 1.0000e-03
1, 2, 3.7500e+01, 7.7449e+00, 2.0000e-03
1, 2, 3.7500e+01, 6.6835e+00, 5.0000e-03
1, 2, 3.7500e+01, 6.1906e+00, 8.0000e-03
1, 2, 3.7500e+01, 5.9677e+00, 1.0000e-02
1, 2, 3.7500e+01, 5.5203e+00, 1.6000e-02
1, 2, 3.7500e+01, 5.0546e+00, 2.7000e-02
1, 2, 3.7500e+01, 4.6297e+00, 4.5000e-02
1, 2, 3.7500e+01, 4.2109e+00, 7.7000e-02
1, 2, 3.7500e+01, 3.8265e+00, 1.3000e-01
1, 2, 3.7500e+01, 3.4923e+00, 2.1000e-01
1, 2, 3.7500e+01, 3.1517e+00, 3.5000e-01
1, 2, 3.7500e+01, 2.8060e+00, 6.0000e-01
1, 2, 3.7500e+01, 2.5195e+00, 9.5000e-01
1, 2, 3.7500e+01, 2.1637e+00, 1.7000e+00
1, 2, 3.7500e+01, 1.8194e+00, 3.0000e+00
1, 2, 3.7500e+01, 1.4965e+00, 5.1000e+00
1, 2, 3.7500e+01, 1.1957e+00, 8.3000e+00
1, 2, 3.7500e+01, 9.6348e-01, 1.2000e+01
1, 2, 3.7500e+01, 6.6636e-01, 1.9000e+01
1, 2, 3.7500e+01, 3.6043e-01, 3.0000e+01
1, 2, 3.7500e+01, 1.6126e-01, 4.0000e+01
1, 2, 3.7500e+01, -6.5924e-02, 5.5000e+01
1, 2, 3.7500e+01, -2.6414e-01, 7.2000e+01
1, 2, 3.7500e+01, -4.3294e-01, 9.0000e+01
1, 2, 3.7500e+01, -5.0638e-01, 9.9000e+01
1, 2, 3.7500e+01, 8.6455e+00, 1.0000e-03
1, 2, 3.7500e+01, 7.7449e+00, 2.0000e-03
1, 2, 3.7500e+01, 6.6835e+00, 5.0000e-03
1, 2, 3.7500e+01, 6.1906e+00, 8.0000e-03
1, 2, 3.7500e+01, 5.9677e+00, 1.0000e-02
1, 2, 3.7500e+01, 5.5203e+00, 1.6000e-02
1, 2, 3.7500e+01, 5.0546e+00, 2.7000e-02
1, 2, 3.7500e+01, 4.6297e+00, 4.5000e-02
1, 2, 3.7500e+01, 4.2109e+00, 7.7000e-02
1, 2, 3.7500e+01, 3.8265e+00, 1.3000e-01
1, 2, 3.7500e+01, 3.4923e+00, 2.1000e-01
1, 2, 3.7500e+01, 3.1517e+00, 3.5000e-01
1, 2, 3.7500e+01, 2.8060e+00, 6.0000e-01
1, 2, 3.7500e+01, 2.5195e+00, 9.5000e-01
1, 2, 3.7500e+01, 2.1637e+00, 1.7000e+00
1, 2, 3.7500e+01, 1.8194e+00, 3.0000e+00
1, 2, 3.7500e+01, 1.4965e+00, 5.1000e+00
1, 2, 3.7500e+01, 1.1957e+00, 8.3000e+00
1, 2, 3.7500e+01, 9.6348e-01, 1.2000e+01
1, 2, 3.7500e+01, 6.6636e-01, 1.9000e+01
1, 2, 3.7500e+01, 3.6043e-01, 3.0000e+01
1, 2, 3.7500e+01, 1.6126e-01, 4.0000e+01
1, 2, 3.7500e+01, -6.5924e-02, 5.5000e+01
1, 2, 3.7500e+01, -2.6414e-01, 7.2000e+01
1, 2, 3.7500e+01, -4.3294e-01, 9.0000e+01
1, 2, 3.7500e+01, -5.0638e-01, 9.9000e+01
1, 2, 3.7500e+01, 8.6455e+00, 1.0000e-03
1, 2, 3.7500e+01, 7.7449e+00, 2.0000e-03
1, 2, 3.7500e+01, 6.6835e+00, 5.0000e-03
1, 2, 3.7500e+01, 6.1906e+00, 8.0000e-03
1, 2, 3.7500e+01, 5.9677e+00, 1.0000e-02
1, 2, 3.7500e+01, 5.5203e+00, 1.6000e-02
1, 2, 3.7500e+01, 5.0546e+00, 2.7000e-02
1, 2, 3.7500e+01, 4.6297e+00, 4.5000e-02
1, 2, 3.7500e+01, 4.2109e+00, 7.7000e-02
1, 2, 3.7500e+01, 3.8265e+00, 1.3000e-01
1, 2, 3.7500e+01, 3.4923e+00, 2.1000e-01
1, 2, 3.7500e+01, 3.1517e+00, 3.5000e-01
1, 2, 3.7500e+01, 2.8060e+00, 6.0000e-01
1, 2, 3.7500e+01, 2.5195e+00, 9.5000e-01
1, 2, 3.7500e+01, 2.1637e+00, 1.7000e+00
1, 2, 3.7500e+01, 1.8194e+00, 3.0000e+00
1, 2, 3.7500e+01, 1.4965e+00, 5.1000e+00
1, 2, 3.7500e+01, 1.1957e+00, 8.3000e+00
1, 2, 3.7500e+01, 9.6348e-01, 1.2000e+01
1, 2, 3.7500e+01, 6.6636e-01, 1.9000e+01
1, 2, 3.7500e+01, 3.6043e-01, 3.0000e+01
1, 2, 3.7500e+01, 1.6126e-01, 4.0000e+01
1, 2, 3.7500e+01, -6.5924e-02, 5.5000e+01
1, 2, 3.7500e+01, -2.6414e-01, 7.2000e+01
1, 2, 3.7500e+01, -4.3294e-01, 9.0000e+01
1, 2, 3.7500e+01, -5.0638e-01, 9.9000e+01
1, 2, 3.7500e+01, 8.6455e+00, 1.0000e-03
1, 2, 3.7500e+01, 7.7449e+00, 2.0000e-03
1, 2, 3.7500e+01, 6.6835e+00, 5.0000e-03
1, 2, 3.7500e+01, 6.1906e+00, 8.0000e-03
1, 2, 3.7500e+01, 5.9677e+00, 1.0000e-02
1, 2, 3.7500e+01, 5.5203e+00, 1.6000e-02
1, 2, 3.7500e+01, 5.0546e+00, 2.7000e-02
1, 2, 3.7500e+01, 4.6297e+00, 4.5000e-02
1, 2, 3.7500e+01, 4.2109e+00, 7.7000e-02
1, 2, 3.7500e+01, 3.8265e+00, 1.3000e-01
1, 2, 3.7500e+01, 3.4923e+00, 2.1000e-01
1, 2, 3.7500e+01, 3.1517e+00, 3.5000e-01
1, 2, 3.7500e+01, 2.8060e+00, 6.0000e-01
1, 2, 3.7500e+01, 2.5195e+00, 9.5000e-01
1, 2, 3.7500e+01, 2.1637e+00, 1.7000e+00
1, 2, 3.7500e+01, 1.8194e+00, 3.0000e+00
1, 2, 3.7500e+01, 1.4965e+00, 5.1000e+00
1, 2, 3.7500e+01, 1.1957e+00, 8.3000e+00
1, 2, 3.7500e+01, 9.6348e-01, 1.2000e+01
1, 2, 3.7500e+01, 6.6636e-01, 1.9000e+01
1, 2, 3.7500e+01, 3.6043e-01, 3.0000e+01
1, 2, 3.7500e+01, 1.6126e-01, 4.0000e+01
1, 2, 3.7500e+01, -6.5924e-02, 5.5000e+01
1, 2, 3.7500e+01, -2.6414e-01, 7.2000e+01
1, 2, 3.7500e+01, -4.3294e-01, 9.0000e+01
1, 2, 3.7500e+01, -5.0638e-01, 9.9000e+01
1, 2, 3.7500e+01, 8.6455e+00, 1.0000e-03
1, 2, 3.7500e+01, 7.7449e+00, 2.0000e-03
1, 2, 3.7500e+01, 6.6835e+00, 5.0000e-03
1, 2, 3.7500e+01, 6.1906e+00, 8.0000e-03
1, 2, 3.7500e+01, 5.9677e+00, 1.0000e-02
1, 2, 3.7500e+01, 5.5203e+00, 1.6000e-02
1, 2, 3.7500e+01, 5.0546e+00, 2.7000e-02
1, 2, 3.7500e+01, 4.6297e+00, 4.5000e-02
1, 2, 3.7500e+01, 4.2109e+00, 7.7000e-02
1, 2, 3.7500e+01, 3.8265e+00, 1.3000e-01
1, 2, 3.7500e+01, 3.4923e+00, 2.1000e-01
1, 2, 3.7500e+01, 3.1517e+00, 3.5000e-01
1, 2, 3.7500e+01, 2.8060e+00, 6.0000e-01
1, 2, 3.7500e+01, 2.5195e+00, 9.5000e-01
1, 2, 3.7500e+01, 2.1637e+00, 1.7000e+00
1, 2, 3.7500e+01, 1.8194e+00, 3.0000e+00
1, 2, 3.7500e+01, 1.4965e+00, 5.1000e+00
1, 2, 3.7500e+01, 1.1957e+00, 8.3000e+00
1, 2, 3.7500e+01, 9.6348e-01, 1.2000e+01
1, 2, 3.7500e+01, 6.6636e-01, 1.9000e+01
1, 2, 3.7500e+01, 3.6043e-01, 3.0000e+01
1, 2, 3.7500e+01, 1.6126e-01, 4.0000e+01
1, 2, 3.7500e+01, -6.5924e-02, 5.5000e+01
1, 2, 3.7500e+01, -2.6414e-01, 7.2000e+01
1, 2, 3.7500e+01, -4.3294e-01, 9.0000e+01
1, 2, 3.7500e+01, -5.0638e-01, 9.9000e+01
1, 2, 3.7500e+01, 8.6455e+00, 1.0000e-03
1, 2, 3.7500e+01, 7.7449e+00, 2.0000e-03
1, 2, 3.7500e+01, 6.6835e+00, 5.0000e-03
1, 2, 3.7500e+01, 6.1906e+00, 8.0000e-03
1, 2, 3.7500e+01, 5.9677e+00, 1.0000e-02
1, 2, 3.7500e+01, 5.5203e+00, 1.6000e-02
1, 2, 3.7500e+01, 5.0546e+00, 2.7000e-02
1, 2, 3.7500e+01, 4.6297e+00, 4.5000e-02
1, 2, 3.7500e+01, 4.2109e+00, 7.7000e-02
1, 2, 3.7500e+01, 3.8265e+00, 1.3000e-01
1, 2, 3.7500e+01, 3.4923e+00, 2.1000e-01
1, 2, 3.7500e+01, 3.1517e+00, 3.5000e-01
1, 2, 3.7500e+01, 2.8060e+00, 6.0000e-01
1, 2, 3.7500e+01, 2.5195e+00, 9.5000e-01
1, 2, 3.7500e+01, 2.1637e+00, 1.7000e+00
1, 2, 3.7500e+01, 1.8194e+00, 3.0000e+00
1, 2, 3.7500e+01, 1.4965e+00, 5.1000e+00
1, 2, 3.7500e+01, 1.1957e+00, 8.3000e+00
1, 2, 3.7500e+01, 9.6348e-01, 1.2000e+01
1, 2, 3.7500e+01, 6.6636e-01, 1.9000e+01
1, 2, 3.7500e+01, 3.6043e-01, 3.0000e+01
1, 2, 3.7500e+01, 1.6126e-01, 4.0000e+01
1, 2, 3.7500e+01, -6.5924e-02, 5.5000e+01
1, 2, 3.7500e+01, -2.6414e-01, 7.2000e+01
1, 2, 3.7500e+01, -4.3294e-01, 9.0000e+01
1, 2, 3.7500e+01, -5.0638e-01, 9.9000e+01
1, 2, 3.7500e+01, 8.6455e+00, 1.0000e-03
1, 2, 3.7500e+01, 7.7449e+00, 2.0000e-03
1, 2, 3.7500e+01, 6.6835e+00, 5.0000e-03
1, 2, 3.7500e+01, 6.1906e+00, 8.0000e-03
1, 2, 3.7500e+01, 5.9677e+00, 1.0000e-02
1, 2, 3.7500e+01, 5.5203e+00, 1.6000e-02
1, 2, 3.7500e+01, 5.0546e+00, 2.7000e-02
1, 2, 3.7500e+01, 4.6297e+00, 4.5000e-02
1, 2, 3.7500e+01, 4.2109e+00, 7.7000e-02
1, 2, 3.7500e+01, 3.8265e+00, 1.3000e-01
1, 2, 3.7500e+01, 3.4923e+00, 2.1000e-01
1, 2, 3.7500e+01, 3.1517e+00, 3.5000e-01
1, 2, 3.7500e+01, 2.8060e+00, 6.0000e-01
1, 2, 3.7500e+01, 2.5195e+00, 9.5000e-01
1, 2, 3.7500e+01, 2.1637e+00, 1.7000e+00
1, 2, 3.7500e+01, 1.8194e+00, 3.0000e+00
1, 2, 3.7500e+01, 1.4965e+00, 5.1000e+00
1, 2, 3.7500e+01, 1.1957e+00, 8.3000e+00
1, 2, 3.7500e+01, 9.6348e-01, 1.2000e+01
1, 2, 3.7500e+01, 6.6636e-01, 1.9000e+01
1, 2, 3.7500e+01, 3.6043e-01, 3.0000e+01
1, 2, 3.7500e+01, 1.6126e-01, 4.0000e+01
1, 2, 3.7500e+01, -6.5924e-02, 5.5000e+01
1, 2, 3.7500e+01, -2.6414e-01, 7.2000e+01
1, 2, 3.7500e+01, -4.3294e-01, 9.0000e+01
1, 2, 3.7500e+01, -5.0638e-01, 9.9000e+01
1, 2, 3.7500e+01, 8.6455e+00, 1.0000e-03
1, 2, 3.7500e+01, 7.7449e+00, 2.0000e-03
1, 2, 3.7500e+01, 6.6835e+00, 5.0000e-03
1, 2, 3.7500e+01, 6.1906e+00, 8.0000e-03
1, 2, 3.7500e+01, 5.9677e+00, 1.0000e-02
1, 2, 3.7500e+01, 5.5203e+00, 1.6000e-02
1, 2, 3.7500e+01, 5.0546e+00, 2.7000e-02
1, 2, 3.7500e+01, 4.6297e+00, 4.5000e-02
1, 2, 3.7500e+01, 4.2109e+00, 7.7000e-02
1, 2, 3.7500e+01, 3.8265e+00, 1.3000e-01
1, 2, 3.7500e+01, 3.4923e+00, 2.1000e-01
1, 2, 3.7500e+01, 3.1517e+00, 3.5000e-01
1, 2, 3.7500e+01, 2.8060e+00, 6.0000e-01
1, 2, 3.7500e+01, 2.5195e+00, 9.5000e-01
1, 2, 3.7500e+01, 2.1637e+00, 1.7000e+00
1, 2, 3.7500e+01, 1.8194e+00, 3.0000e+00
1, 2, 3.7500e+01, 1.4965e+00, 5.1000e+00
1, 2, 3.7500e+01, 1.1957e+00, 8.3000e+00
1, 2, 3.7500e+01, 9.6348e-01, 1.2000e+01
1, 2, 3.7500e+01, 6.6636e-01, 1.9000e+01
1, 2, 3.7500e+01, 3.6043e-01, 3.0000e+01
1, 2, 3.7500e+01, 1.6126e-01, 4.0000e+01
1, 2, 3.7500e+01, -6.5924e-02, 5.5000e+01
1, 2, 3.7500e+01, -2.6414e-01, 7.2000e+01
1, 2, 3.7500e+01, -4.3294e-01, 9.0000e+01
1, 2, 3.7500e+01, -5.0638e-01, 9.9000e+01
1, 2, 3.7500e+01, 8.6455e+00, 1.0000e-03
1, 2, 3.7500e+01, 7.7449e+00, 2.0000e-03
1, 2, 3.7500e+01, 6.6835e+00, 5.0000e-03
1, 2, 3.7500e+01, 6.1906e+00, 8.0000e-03
1, 2, 3.7500e+01, 5.9677e+00, 1.0000e-02
1, 2, 3.7500e+01, 5.5203e+00, 1.6000e-02
1, 2, 3.7500e+01, 5.0546e+00, 2.7000e-02
1, 2, 3.7500e+01, 4.6297e+00, 4.5000e-02
1, 2, 3.7500e+01, 4.2109e+00, 7.7000e-02
1, 2, 3.7500e+01, 3.8265e+00, 1.3000e-01
1, 2, 3.7500e+01, 3.4923e+00, 2.1000e-01
1, 2, 3.7500e+01, 3.1517e+00, 3.5000e-01
1, 2, 3.7500e+01, 2.8060e+00, 6.0000e-01
1, 2, 3.7500e+01, 2.5195e+00, 9.5000e-01
1, 2, 3.7500e+01, 2.1637e+00, 1.7000e+00
1, 2, 3.7500e+01, 1.8194e+00, 3.0000e+00
1, 2, 3.7500e+01, 1.4965e+00, 5.1000e+00
1, 2, 3.7500e+01, 1.1957e+00, 8.3000e+00
1, 2, 3.7500e+01, 9.6348e-01, 1.2000e+01
1, 2, 3.7500e+01, 6.6636e-01, 1.9000e+01
1, 2, 3.7500e+01, 3.6043e-01, 3.0000e+01
1, 2, 3.7500e+01, 1.6126e-01, 4.0000e+01
1, 2, 3.7500e+01, -6.5924e-02, 5.5000e+01
1, 2, 3.7500e+01, -2.6414e-01, 7.2000e+01
1, 2, 3.7500e+01, -4.3294e-01, 9.0000e+01
1, 2, 3.7500e+01, -5.0638e-01, 9.9000e+01
1, 2, 3.7500e+01, 8.6455e+00, 1.0000e-03
1, 2, 3.7500e+01, 7.7449e+00, 2.0000e-03
1, 2, 3.7500e+01, 6.6835e+00, 5.0000e-03
1, 2, 3.7500e+01, 6.1906e+00, 8.0000e-03
1, 2, 3.7500e+01, 5.9677e+00, 1.0000e-02
1, 2, 3.7500e+01, 5.5203e+00, 1.6000e-02
1, 2, 3.7500e+01, 5.0546e+00, 2.7000e-02
1, 2, 3.7500e+01, 4.6297e+00, 4.5000e-02
1, 2, 3.7500e+01, 4.2109e+00, 7.7000e-02
1, 2, 3.7500e+01, 3.8265e+00, 1.3000e-01
1, 2, 3.7500e+01, 3.4923e+00, 2.1000e-01
1, 2, 3.7500e+01, 3.1517e+00, 3.5000e-01
1, 2, 3.7500e+01, 2.8060e+00, 6.0000e-01
1, 2, 3.7500e+01, 2.5195e+00, 9.5000e-01
1, 2, 3.7500e+01, 2.1637e+00, 1.7000e+00
1, 2, 3.7500e+01, 1.8194e+00, 3.0000e+00
1, 2, 3.7500e+01, 1.4965e+00, 5.1000e+00
1, 2, 3.7500e+01, 1.1957e+00, 8.3000e+00
1, 2, 3.7500e+01, 9.6348e-01, 1.2000e+01
1, 2, 3.7500e+01, 6.6636e-01, 1.9000e+01
1, 2, 3.7500e+01, 3.6043e-01, 3.0000e+01
1, 2, 3.7500e+01, 1.6126e-01, 4.0000e+01
1, 2, 3.7500e+01, -6.5924e-02, 5.5000e+01
1, 2, 3.7500e+01, -2.6414e-01, 7.2000e+01
1, 2, 3.7500e+01, -4.3294e-01, 9.0000e+01
1, 2, 3.7500e+01, -5.0638e-01, 9.9000e+01
1, 2, 3.7500e+01, 8.6455e+00, 1.0000e-03
1, 2, 3.7500e+01, 7.7449e+00, 2.0000e-03
1, 2, 3.7500e+01, 6.6835e+00, 5.0000e-03
1, 2, 3.7500e+01, 6.1906e+00, 8.0000e-03
1, 2, 3.7500e+01, 5.9677e+00, 1.0000e-02
1, 2, 3.7500e+01, 5.5203e+00, 1.6000e-02
1, 2, 3.7500e+01, 5.0546e+00, 2.7000e-02
1, 2, 3.7500e+01, 4.6297e+00, 4.5000e-02
1, 2, 3.7500e+01, 4.2109e+00, 7.7000e-02
1, 2, 3.7500e+01, 3.8265e+00, 1.3000e-01
1, 2, 3.7500e+01, 3.4923e+00, 2.1000e-01
1, 2, 3.7500e+01, 3.1517e+00, 3.5000e-01
1, 2, 3.7500e+01, 2.8060e+00, 6.0000e-01
1, 2, 3.7500e+01, 2.5195e+00, 9.5000e-01
1, 2, 3.7500e+01, 2.1637e+00, 1.7000e+00
1, 2, 3.7500e+01, 1.8194e+00, 3.0000e+00
1, 2, 3.7500e+01, 1.4965e+00, 5.1000e+00
1, 2, 3.7500e+01, 1.1957e+00, 8.3000e+00
1, 2, 3.7500e+01, 9.6348e-01, 1.2000e+01
1, 2, 3.7500e+01, 6.6636e-01, 1.9000e+01
1, 2, 3.7500e+01, 3.6043e-01, 3.0000e+01
1, 2, 3.7500e+01, 1.6126e-01, 4.0000e+01
1, 2, 3.7500e+01, -6.5924e-02, 5.5000e+01
1, 2, 3.7500e+01, -2.6414e-01, 7.2000e+01
1, 2, 3.7500e+01, -4.3294e-01, 9.0000e+01
1, 2, 3.7500e+01, -5.0638e-01, 9.9000e+01
1, 2, 3.7500e+01, 8.6455e+00, 1.0000e-03
1, 2, 3.7500e+01, 7.7449e+00, 2.0000e-03
1, 2, 3.7500e+01, 6.6835e+00, 5.0000e-03
1, 2, 3.7500e+01, 6.1906e+00, 8.0000e-03
1, 2, 3.7500e+01, 5.9677e+00, 1.0000e-02
1, 2, 3.7500e+01, 5.5203e+00, 1.6000e-02
1, 2, 3.7500e+01, 5.0546e+00, 2.7000e-02
1, 2, 3.7500e+01, 4.6297e+00, 4.5000e-02
1, 2, 3.7500e+01, 4.2109e+00, 7.7000e-02
1, 2, 3.7500e+01, 3.8265e+00, 1.3000e-01
1, 2, 3.7500e+01, 3.4923e+00, 2.1000e-01
1, 2, 3.7500e+01, 3.1517e+00, 3.5000e-01
1, 2, 3.7500e+01, 2.8060e+00, 6.0000e-01
1, 2, 3.7500e+01, 2.5195e+00, 9.5000e-01
1, 2, 3.7500e+01, 2.1637e+00, 1.7000e+00
1, 2, 3.7500e+01, 1.8194e+00, 3.0000e+00
1, 2, 3.7500e+01, 1.4965e+00, 5.1000e+00
1, 2, 3.7500e+01, 1.1957e+00, 8.3000e+00
1, 2, 3.7500e+01, 9.6348e-01, 1.2000e+01
1, 2, 3.7500e+01, 6.6636e-01, 1.9000e+01
1, 2, 3.7500e+01, 3.6043e-01, 3.0000e+01
1, 2, 3.7500e+01, 1.6126e-01, 4.0000e+01
1, 2, 3.7500e+01, -6.5924e-02, 5.5000e+01
1, 2, 3.7500e+01, -2.6414e-01, 7.2000e+01
1, 2, 3.7500e+01, -4.3294e-01, 9.0000e+01
1, 2, 3.7500e+01, -5.0638e-01, 9.9000e+01
1, 2, 3.7500e+01, 8.6455e+00, 1.0000e-03
1, 2, 3.7500e+01, 7.7449e+00, 2.0000e-03
1, 2, 3.7500e+01, 6.6835e+00, 5.0000e-03
1, 2, 3.7500e+01, 6.1906e+00, 8.0000e-03
1, 2, 3.7500e+01, 5.9677e+00, 1.0000e-02
1, 2, 3.7500e+01, 5.5203e+00, 1.6000e-02
1, 2, 3.7500e+01, 5.0546e+00, 2.7000e-02
1, 2, 3.7500e+01, 4.6297e+00, 4.5000e-02
1, 2, 3.7500e+01, 4.2109e+00, 7.7000e-02
1, 2, 3.7500e+01, 3.8265e+00, 1.3000e-01
1, 2, 3.7500e+01, 3.4923e+00, 2.1000e-01
1, 2, 3.7500e+01, 3.1517e+00, 3.5000e-01
1, 2, 3.7500e+01, 2.8060e+00, 6.0000e-01
1, 2, 3.7500e+01, 2.5195e+00, 9.5000e-01
1, 2, 3.7500e+01, 2.1637e+00, 1.7000e+00
1, 2, 3.7500e+01, 1.8194e+00, 3.0000e+00
1, 2, 3.7500e+01, 1.4965e+00, 5.1000e+00
1, 2, 3.7500e+01, 1.1957e+00, 8.3000e+00
1, 2, 3.7500e+01, 9.6348e-01, 1.2000e+01
1, 2, 3.7500e+01, 6.6636e-01, 1.9000e+01
1, 2, 3.7500e+01, 3.6043e-01, 3.0000e+01
1, 2, 3.7500e+01, 1.6126e-01, 4.0000e+01
1, 2, 3.7500e+01, -6.5924e-02, 5.5000e+01
1, 2, 3.7500e+01, -2.6414e-01, 7.2000e+01
1, 2, 3.7500e+01, -4.3294e-01, 9.0000e+01
1, 2, 3.7500e+01, -5.0638e-01, 9.9000e+01
1, 3, 3.7500e+01, 5.3555e+00, 1.0000e-03
1, 3, 3.7500e+01, 4.7976e+00, 2.0000e-03
1, 3, 3.7500e+01, 4.1401e+00, 5.0000e-03
1, 3, 3.7500e+01, 3.8348e+00, 8.0000e-03
1, 3, 3.7500e+01, 3.6967e+00, 1.0000e-02
1, 3, 3.7500e+01, 3.4196e+00, 1.6000e-02
1, 3, 3.7500e+01, 3.1311e+00, 2.7000e-02
1, 3, 3.7500e+01, 2.8679e+00, 4.5000e-02
1, 3, 3.7500e+01, 2.6084e+00, 7.7000e-02
1, 3, 3.7500e+01, 2.3704e+00, 1.3000e-01
1, 3, 3.7500e+01, 2.1633e+00, 2.1000e-01
1, 3, 3.7500e+01, 1.9523e+00, 3.5000e-01
1, 3, 3.7500e+01, 1.7382e+00, 6.0000e-01
1, 3, 3.7500e+01, 1.5607e+00, 9.5000e-01
1, 3, 3.7500e+01, 1.3403e+00, 1.7000e+00
1, 3, 3.7500e+01, 1.1270e+00, 3.0000e+00
1, 3, 3.7500e+01, 9.2700e-01, 5.1000e+00
1, 3, 3.7500e+01, 7.4070e-01, 8.3000e+00
1, 3, 3.7500e+01, 5.9683e-01, 1.2000e+01
1, 3, 3.7500e+01, 4.1278e-01, 1.9000e+01
1, 3, 3.7500e+01, 2.2327e-01, 3.0000e+01
1, 3, 3.7500e+01, 9.9892e-02, 4.0000e+01
1, 3, 3.7500e+01, -4.0837e-02, 5.5000e+01
1, 3, 3.7500e+01, -1.6362e-01, 7.2000e+01
1, 3, 3.7500e+01, -2.6819e-01, 9.0000e+01
1, 3, 3.7500e+01, -3.1368e-01, 9.9000e+01
1, 3, 3.7500e+01, 5.3555e+00, 1.0000e-03
1, 3, 3.7500e+01, 4.7976e+00, 2.0000e-03
1, 3, 3.7500e+01, 4.1401e+00, 5.0000e-03
1, 3, 3.7500e+01, 3.8348e+00, 8.0000e-03
1, 3, 3.7500e+01, 3.6967e+00, 1.0000e-02
1, 3, 3.7500e+01, 3.4196e+00, 1.6000e-02
1, 3, 3.7500e+01, 3.1311e+00, 2.7000e-02
1, 3, 3.7500e+01, 2.8679e+00, 4.5000e-02
1, 3, 3.7500e+01, 2.6084e+00, 7.7000e-02
1, 3, 3.7500e+01, 2.3704e+00, 1.3000e-01
1, 3, 3.7500e+01, 2.1633e+00, 2.1000e-01
1, 3, 3.7500e+01, 1.9523e+00, 3.5000e-01
1, 3, 3.7500e+01, 1.7382e+00, 6.0000e-01
1, 3, 3.7500e+01, 1.5607e+00, 9.5000e-01
1, 3, 3.7500e+01, 1.3403e+00, 1.7000e+00
1, 3, 3.7500e+01, 1.1270e+00, 3.0000e+00
1, 3, 3.7500e+01, 9.2700e-01, 5.1000e+00
1, 3, 3.7500e+01, 7.4070e-01, 8.3000e+00
1, 3, 3.7500e+01, 5.9683e-01, 1.2000e+01
1, 3, 3.7500e+01, 4.1278e-01, 1.9000e+01
1, 3, 3.7500e+01, 2.2327e-01, 3.0000e+01
1, 3, 3.7500e+01, 9.9892e-02, 4.0000e+01
1, 3, 3.7500e+01, -4.0837e-02, 5.5000e+01
1, 3, 3.7500e+01, -1.6362e-01, 7.2000e+01
1, 3, 3.7500e+01, -2.6819e-01, 9.0000e+01
1, 3, 3.7500e+01, -3.1368e-01, 9.9000e+01
1, 3, 3.7500e+01, 5.3555e+00, 1.0000e-03
1, 3, 3.7500e+01, 4.7976e+00, 2.0000e-03
1, 3, 3.7500e+01, 4.1401e+00, 5.0000e-03
1, 3, 3.7500e+01, 3.8348e+00, 8.0000e-03
1, 3, 3.7500e+01, 3.6967e+00, 1.0000e-02
1, 3, 3.7500e+01, 3.4196e+00, 1.6000e-02
1, 3, 3.7500e+01, 3.1311e+00, 2.7000e-02
1, 3, 3.7500e+01, 2.8679e+00, 4.5000e-02
1, 3, 3.7500e+01, 2.6084e+00, 7.7000e-02
1, 3, 3.7500e+01, 2.3704e+00, 1.3000e-01
1, 3, 3.7500e+01, 2.1633e+00, 2.1000e-01
1, 3, 3.7500e+01, 1.9523e+00, 3.5000e-01
1, 3, 3.7500e+01, 1.7382e+00, 6.0000e-01
1, 3, 3.7500e+01, 1.5607e+00, 9.5000e-01
1, 3, 3.7500e+01, 1.3403e+00, 1.7000e+00
1, 3, 3.7500e+01, 1.1270e+00, 3.0000e+00
1, 3, 3.7500e+01, 9.2700e-01, 5.1000e+00
1, 3, 3.7500e+01, 7.4070e-01, 8.3000e+00
1, 3, 3.7500e+01, 5.9683e-01, 1.2000e+01
1, 3, 3.7500e+01, 4.1278e-01, 1.9000e+01
1, 3, 3.7500e+01, 2.2327e-01, 3.0000e+01
1, 3, 3.7500e+01, 9.9892e-02, 4.0000e+01
1, 3, 3.7500e+01, -4.0837e-02, 5.5000e+01
1, 3, 3.7500e+01, -1.6362e-01, 7.2000e+01
1, 3, 3.7500e+01, -2.6819e-01, 9.0000e+01
1, 3, 3.7500e+01, -3.1368e-01, 9.9000e+01
1, 3, 3.7500e+01, 5.3555e+00, 1.0000e-03
1, 3, 3.7500e+01, 4.7976e+00, 2.0000e-03
1, 3, 3.7500e+01, 4.1401e+00, 5.0000e-03
1, 3, 3.7500e+01, 3.8348e+00, 8.0000e-03
1, 3, 3.7500e+01, 3.6967e+00, 1.0000e-02
1, 3, 3.7500e+01, 3.4196e+00, 1.6000e-02
1, 3, 3.7500e+01, 3.1311e+00, 2.7000e-02
1, 3, 3.7500e+01, 2.8679e+00, 4.5000e-02
1, 3, 3.7500e+01, 2.6084e+00, 7.7000e-02
1, 3, 3.7500e+01, 2.3704e+00, 1.3000e-01
1, 3, 3.7500e+01, 2.1633e+00, 2.1000e-01
1, 3, 3.7500e+01, 1.9523e+00, 3.5000e-01
1, 3, 3.7500e+01, 1.7382e+00, 6.0000e-01
1, 3, 3.7500e+01, 1.5607e+00, 9.5000e-01
1, 3, 3.7500e+01, 1.3403e+00, 1.7000e+00
1, 3, 3.7500e+01, 1.1270e+00, 3.0000e+00
1, 3, 3.7500e+01, 9.2700e-01, 5.1000e+00
1, 3, 3.7500e+01, 7.4070e-01, 8.3000e+00
1, 3, 3.7500e+01, 5.9683e-01, 1.2000e+01
1, 3, 3.7500e+01, 4.1278e-01, 1.9000e+01
1, 3, 3.7500e+01, 2.2327e-01, 3.0000e+01
1, 3, 3.7500e+01, 9.9892e-02, 4.0000e+01
1, 3, 3.7500e+01, -4.0837e-02, 5.5000e+01
1, 3, 3.7500e+01, -1.6362e-01, 7.2000e+01
1, 3, 3.7500e+01, -2.6819e-01, 9.0000e+01
1, 3, 3.7500e+01, -3.1368e-01, 9.9000e+01
1, 3, 3.7500e+01, 5.3555e+00, 1.0000e-03
1, 3, 3.7500e+01, 4.7976e+00, 2.0000e-03
1, 3, 3.7500e+01, 4.1401e+00, 5.0000e-03
1, 3, 3.7500e+01, 3.8348e+00, 8.0000e-03
1, 3, 3.7500e+01, 3.6967e+00, 1.0000e-02
1, 3, 3.7500e+01, 3.4196e+00, 1.6000e-02
1, 3, 3.7500e+01, 3.1311e+00, 2.7000e-02
1, 3, 3.7500e+01, 2.8679e+00, 4.5000e-02
1, 3, 3.7500e+01, 2.6084e+00, 7.7000e-02
1, 3, 3.7500e+01, 2.3704e+00, 1.3000e-01
1, 3, 3.7500e+01, 2.1633e+00, 2.1000e-01
1, 3, 3.7500e+01, 1.9523e+00, 3.5000e-01
1, 3, 3.7500e+01, 1.7382e+00, 6.0000e-01
1, 3, 3.7500e+01, 1.5607e+00, 9.5000e-01
1, 3, 3.7500e+01, 1.3403e+00, 1.7000e+00
1, 3, 3.7500e+01, 1.1270e+00, 3.0000e+00
1, 3, 3.7500e+01, 9.2700e-01, 5.1000e+00
1, 3, 3.7500e+01, 7.4070e-01, 8.3000e+00
1, 3, 3.7500e+01, 5.9683e-01, 1.2000e+01
1, 3, 3.7500e+01, 4.1278e-01, 1.9000e+01
1, 3, 3.7500e+01, 2.2327e-01, 3.0000e+01
1, 3, 3.7500e+01, 9.9892e-02, 4.0000e+01
1, 3, 3.7500e+01, -4.0837e-02, 5.5000e+01
1, 3, 3.7500e+01, -1.6362e-01, 7.2000e+01
1, 3, 3.7500e+01, -2.6819e-01, 9.0000e+01
1, 3, 3.7500e+01, -3.1368e-01, 9.9000e+01
1, 3, 3.7500e+01, 5.3555e+00, 1.0000e-03
1, 3, 3.7500e+01, 4.7976e+00, 2.0000e-03
1, 3, 3.7500e+01, 4.1401e+00, 5.0000e-03
1, 3, 3.7500e+01, 3.8348e+00, 8.0000e-03
1, 3, 3.7500e+01, 3.6967e+00, 1.0000e-02
1, 3, 3.7500e+01, 3.4196e+00, 1.6000e-02
1, 3, 3.7500e+01, 3.1311e+00, 2.7000e-02
1, 3, 3.7500e+01, 2.8679e+00, 4.5000e-02
1, 3, 3.7500e+01, 2.6084e+00, 7.7000e-02
1, 3, 3.7500e+01, 2.3704e+00, 1.3000e-01
1, 3, 3.7500e+01, 2.1633e+00, 2.1000e-01
1, 3, 3.7500e+01, 1.9523e+00, 3.5000e-01
1, 3, 3.7500e+01, 1.7382e+00, 6.0000e-01
1, 3, 3.7500e+01, 1.5607e+00, 9.5000e-01
1, 3, 3.7500e+01, 1.3403e+00, 1.7000e+00
1, 3, 3.7500e+01, 1.1270e+00, 3.0000e+00
1, 3, 3.7500e+01, 9.2700e-01, 5.1000e+00
1, 3, 3.7500e+01, 7.4070e-01, 8.3000e+00
1, 3, 3.7500e+01, 5.9683e-01, 1.2000e+01
1, 3, 3.7500e+01, 4.1278e-01, 1.9000e+01
1, 3, 3.7500e+01, 2.2327e-01, 3.0000e+01
1, 3, 3.7500e+01, 9.9892e-02, 4.0000e+01
1, 3, 3.7500e+01, -4.0837e-02, 5.5000e+01
1, 3, 3.7500e+01, -1.6362e-01, 7.2000e+01
1, 3, 3.7500e+01, -2.6819e-01, 9.0000e+01
1, 3, 3.7500e+01, -3.1368e-01, 9.9000e+01
1, 3, 3.7500e+01, 5.3555e+00, 1.0000e-03
1, 3, 3.7500e+01, 4.7976e+00, 2.0000e-03
1, 3, 3.7500e+01, 4.1401e+00, 5.0000e-03
1, 3, 3.7500e+01, 3.8348e+00, 8.0000e-03
1, 3, 3.7500e+01, 3.6967e+00, 1.0000e-02
1, 3, 3.7500e+01, 3.4196e+00, 1.6000e-02
1, 3, 3.7500e+01, 3.1311e+00, 2.7000e-02
1, 3, 3.7500e+01, 2.8679e+00, 4.5000e-02
1, 3, 3.7500e+01, 2.6084e+00, 7.7000e-02
1, 3, 3.7500e+01, 2.3704e+00, 1.3000e-01
1, 3, 3.7500e+01, 2.1633e+00, 2.1000e-01
1, 3, 3.7500e+01, 1.9523e+00, 3.5000e-01
1, 3, 3.7500e+01, 1.7382e+00, 6.0000e-01
1, 3, 3.7500e+01, 1.5607e+00, 9.5000e-01
1, 3, 3.7500e+01, 1.3403e+00, 1.7000e+00
1, 3, 3.7500e+01, 1.1270e+00, 3.0000e+00
1, 3, 3.7500e+01, 9.2700e-01, 5.1000e+00
1, 3, 3.7500e+01, 7.4070e-01, 8.3000e+00
1, 3, 3.7500e+01, 5.9683e-01, 1.2000e+01
1, 3, 3.7500e+01, 4.1278e-01, 1.9000e+01
1, 3, 3.7500e+01, 2.2327e-01, 3.0000e+01
1, 3, 3.7500e+01, 9.9892e-02, 4.0000e+01
1, 3, 3.7500e+01, -4.0837e-02, 5.5000e+01
1, 3, 3.7500e+01, -1.6362e-01, 7.2000e+01
1, 3, 3.7500e+01, -2.6819e-01, 9.0000e+01
1, 3, 3.7500e+01, -3.1368e-01, 9.9000e+01
1, 3, 3.7500e+01, 5.3555e+00, 1.0000e-03
1, 3, 3.7500e+01, 4.7976e+00, 2.0000e-03
1, 3, 3.7500e+01, 4.1401e+00, 5.0000e-03
1, 3, 3.7500e+01, 3.8348e+00, 8.0000e-03
1, 3, 3.7500e+01, 3.6967e+00, 1.0000e-02
1, 3, 3.7500e+01, 3.4196e+00, 1.6000e-02
1, 3, 3.7500e+01, 3.1311e+00, 2.7000e-02
1, 3, 3.7500e+01, 2.8679e+00, 4.5000e-02
1, 3, 3.7500e+01, 2.6084e+00, 7.7000e-02
1, 3, 3.7500e+01, 2.3704e+00, 1.3000e-01
1, 3, 3.7500e+01, 2.1633e+00, 2.1000e-01
1, 3, 3.7500e+01, 1.9523e+00, 3.5000e-01
1, 3, 3.7500e+01, 1.7382e+00, 6.0000e-01
1, 3, 3.7500e+01, 1.5607e+00, 9.5000e-01
1, 3, 3.7500e+01, 1.3403e+00, 1.7000e+00
1, 3, 3.7500e+01, 1.1270e+00, 3.0000e+00
1, 3, 3.7500e+01, 9.2700e-01, 5.1000e+00
1, 3, 3.7500e+01, 7.4070e-01, 8.3000e+00
1, 3, 3.7500e+01, 5.9683e-01, 1.2000e+01
1, 3, 3.7500e+01, 4.1278e-01, 1.9000e+01
1, 3, 3.7500e+01, 2.2327e-01, 3.0000e+01
1, 3, 3.7500e+01, 9.9892e-02, 4.0000e+01
1, 3, 3.7500e+01, -4.0837e-02, 5.5000e+01
1, 3, 3.7500e+01, -1.6362e-01, 7.2000e+01
1, 3, 3.7500e+01, -2.6819e-01, 9.0000e+01
1, 3, 3.7500e+01, -3.1368e-01, 9.9000e+01
1, 3, 3.7500e+01, 5.3555e+00, 1.0000e-03
1, 3, 3.7500e+01, 4.7976e+00, 2.0000e-03
1, 3, 3.7500e+01, 4.1401e+00, 5.0000e-03
1, 3, 3.7500e+01, 3.8348e+00, 8.0000e-03
1, 3, 3.7500e+01, 3.6967e+00, 1.0000e-02
1, 3, 3.7500e+01, 3.4196e+00, 1.6000e-02
1, 3, 3.7500e+01, 3.1311e+00, 2.7000e-02
1, 3, 3.7500e+01, 2.8679e+00, 4.5000e-02
1, 3, 3.7500e+01, 2.6084e+00, 7.7000e-02
1, 3, 3.7500e+01, 2.3704e+00, 1.3000e-01
1, 3, 3.7500e+01, 2.1633e+00, 2.1000e-01
1, 3, 3.7500e+01, 1.9523e+00, 3.5000e-01
1, 3, 3.7500e+01, 1.7382e+00, 6.0000e-01
1, 3, 3.7500e+01, 1.5607e+00, 9.5000e-01
1, 3, 3.7500e+01, 1.3403e+00, 1.7000e+00
1, 3, 3.7500e+01, 1.1270e+00, 3.0000e+00
1, 3, 3.7500e+01, 9.2700e-01, 5.1000e+00
1, 3, 3.7500e+01, 7.4070e-01, 8.3000e+00
1, 3, 3.7500e+01, 5.9683e-01, 1.2000e+01
1, 3, 3.7500e+01, 4.1278e-01, 1.9000e+01
1, 3, 3.7500e+01, 2.2327e-01, 3.0000e+01
1, 3, 3.7500e+01, 9.9892e-02, 4.0000e+01
1, 3, 3.7500e+01, -4.0837e-02, 5.5000e+01
1, 3, 3.7500e+01, -1.6362e-01, 7.2000e+01
1, 3, 3.7500e+01, -2.6819e-01, 9.0000e+01
1, 3, 3.7500e+01, -3.1368e-01, 9.9000e+01
1, 3, 3.7500e+01, 5.3555e+00, 1.0000e-03
1, 3, 3.7500e+01, 4.7976e+00, 2.0000e-03
1, 3, 3.7500e+01, 4.1401e+00, 5.0000e-03
1, 3, 3.7500e+01, 3.8348e+00, 8.0000e-03
1, 3, 3.7500e+01, 3.6967e+00, 1.0000e-02
1, 3, 3.7500e+01, 3.4196e+00, 1.6000e-02
1, 3, 3.7500e+01, 3.1311e+00, 2.7000e-02
1, 3, 3.7500e+01, 2.8679e+00, 4.5000e-02
1, 3, 3.7500e+01, 2.6084e+00, 7.7000e-02
1, 3, 3.7500e+01, 2.3704e+00, 1.3000e-01
1, 3, 3.7500e+01, 2.1633e+00, 2.1000e-01
1, 3, 3.7500e+01, 1.9523e+00, 3.5000e-01
1, 3, 3.7500e+01, 1.7382e+00, 6.0000e-01
1, 3, 3.7500e+01, 1.5607e+00, 9.5000e-01
1, 3, 3.7500e+01, 1.3403e+00, 1.7000e+00
1, 3, 3.7500e+01, 1.1270e+00, 3.0000e+00
1, 3, 3.7500e+01, 9.2700e-01, 5.1000e+00
1, 3, 3.7500e+01, 7.4070e-01, 8.3000e+00
1, 3, 3.7500e+01, 5.9683e-01, 1.2000e+01
1, 3, 3.7500e+01, 4.1278e-01, 1.9000e+01
1, 3, 3.7500e+01, 2.2327e-01, 3.0000e+01
1, 3, 3.7500e+01, 9.9892e-02, 4.0000e+01
1, 3, 3.7500e+01, -4.0837e-02, 5.5000e+01
1, 3, 3.7500e+01, -1.6362e-01, 7.2000e+01
1, 3, 3.7500e+01, -2.6819e-01, 9.0000e+01
1, 3, 3.7500e+01, -3.1368e-01, 9.9000e+01
1, 3, 3.7500e+01, 5.3555e+00, 1.0000e-03
1, 3, 3.7500e+01, 4.7976e+00, 2.0000e-03
1, 3, 3.7500e+01, 4.1401e+00, 5.0000e-03
1, 3, 3.7500e+01, 3.8348e+00, 8.0000e-03
1, 3, 3.7500e+01, 3.6967e+00, 1.0000e-02
1, 3, 3.7500e+01, 3.4196e+00, 1.6000e-02
1, 3, 3.7500e+01, 3.1311e+00, 2.7000e-02
1, 3, 3.7500e+01, 2.8679e+00, 4.5000e-02
1, 3, 3.7500e+01, 2.6084e+00, 7.7000e-02
1, 3, 3.7500e+01, 2.3704e+00, 1.3000e-01
1, 3, 3.7500e+01, 2.1633e+00, 2.1000e-01
1, 3, 3.7500e+01, 1.9523e+00, 3.5000e-01
1, 3, 3.7500e+01, 1.7382e+00, 6.0000e-01
1, 3, 3.7500e+01, 1.5607e+00, 9.5000e-01
1, 3, 3.7500e+01, 1.3403e+00, 1.7000e+00
1, 3, 3.7500e+01, 1.1270e+00, 3.0000e+00
1, 3, 3.7500e+01, 9.2700e-01, 5.1000e+00
1, 3, 3.7500e+01, 7.4070e-01, 8.3000e+00
1, 3, 3.7500e+01, 5.9683e-01, 1.2000e+01
1, 3, 3.7500e+01, 4.1278e-01, 1.9000e+01
1, 3, 3.7500e+01, 2.2327e-01, 3.0000e+01
1, 3, 3.7500e+01, 9.9892e-02, 4.0000e+01
1, 3, 3.7500e+01, -4.0837e-02, 5.5000e+01
1, 3, 3.7500e+01, -1.6362e-01, 7.2000e+01
1, 3, 3.7500e+01, -2.6819e-01, 9.0000e+01
1, 3, 3.7500e+01, -3.1368e-01, 9.9000e+01
1, 3, 3.7500e+01, 5.3555e+00, 1.0000e-03
1, 3, 3.7500e+01, 4.7976e+00, 2.0000e-03
1, 3, 3.7500e+01, 4.1401e+00, 5.0000e-03
1, 3, 3.7500e+01, 3.8348e+00, 8.0000e-03
1, 3, 3.7500e+01, 3.6967e+00, 1.0000e-02
1, 3, 3.7500e+01, 3.4196e+00, 1.6000e-02
1, 3, 3.7500e+01, 3.1311e+00, 2.7000e-02
1, 3, 3.7500e+01, 2.8679e+00, 4.5000e-02
1, 3, 3.7500e+01, 2.6084e+00, 7.7000e-02
1, 3, 3.7500e+01, 2.3704e+00, 1.3000e-01
1, 3, 3.7500e+01, 2.1633e+00, 2.1000e-01
1, 3, 3.7500e+01, 1.9523e+00, 3.5000e-01
1, 3, 3.7500e+01, 1.7382e+00, 6.0000e-01
1, 3, 3.7500e+01, 1.5607e+00, 9.5000e-01
1, 3, 3.7500e+01, 1.3403e+00, 1.7000e+00
1, 3, 3.7500e+01, 1.1270e+00, 3.0000e+00
1, 3, 3.7500e+01, 9.2700e-01, 5.1000e+00
1, 3, 3.7500e+01, 7.4070e-01, 8.3000e+00
1, 3, 3.7500e+01, 5.9683e-01, 1.2000e+01
1, 3, 3.7500e+01, 4.1278e-01, 1.9000e+01
1, 3, 3.7500e+01, 2.2327e-01, 3.0000e+01
1, 3, 3.7500e+01, 9.9892e-02, 4.0000e+01
1, 3, 3.7500e+01, -4.0837e-02, 5.5000e+01
1, 3, 3.7500e+01, -1.6362e-01, 7.2000e+01
1, 3, 3.7500e+01, -2.6819e-01, 9.0000e+01
1, 3, 3.7500e+01, -3.1368e-01, 9.9000e+01
1, 3, 3.7500e+01, 5.3555e+00, 1.0000e-03
1, 3, 3.7500e+01, 4.7976e+00, 2.0000e-03
1, 3, 3.7500e+01, 4.1401e+00, 5.0000e-03
1, 3, 3.7500e+01, 3.8348e+00, 8.0000e-03
1, 3, 3.7500e+01, 3.6967e+00, 1.0000e-02
1, 3, 3.7500e+01, 3.4196e+00, 1.6000e-02
1, 3, 3.7500e+01, 3.1311e+00, 2.7000e-02
1, 3, 3.7500e+01, 2.8679e+00, 4.5000e-02
1, 3, 3.7500e+01, 2.6084e+00, 7.7000e-02
1, 3, 3.7500e+01, 2.3704e+00, 1.3000e-01
1, 3, 3.7500e+01, 2.1633e+00, 2.1000e-01
1, 3, 3.7500e+01, 1.9523e+00, 3.5000e-01
1, 3, 3.7500e+01, 1.7382e+00, 6.0000e-01
1, 3, 3.7500e+01, 1.5607e+00, 9.5000e-01
1, 3, 3.7500e+01, 1.3403e+00, 1.7000e+00
1, 3, 3.7500e+01, 1.1270e+00, 3.0000e+00
1, 3, 3.7500e+01, 9.2700e-01, 5.1000e+00
1, 3, 3.7500e+01, 7.4070e-01, 8.3000e+00
1, 3, 3.7500e+01, 5.9683e-01, 1.2000e+01
1, 3, 3.7500e+01, 4.1278e-01, 1.9000e+01
1, 3, 3.7500e+01, 2.2327e-01, 3.0000e+01
1, 3, 3.7500e+01, 9.9892e-02, 4.0000e+01
1, 3, 3.7500e+01, -4.0837e-02, 5.5000e+01
1, 3, 3.7500e+01, -1.6362e-01, 7.2000e+01
1, 3, 3.7500e+01, -2.6819e-01, 9.0000e+01
1, 3, 3.7500e+01, -3.1368e-01, 9.9000e+01
1, 3, 3.7500e+01, 5.3555e+00, 1.0000e-03
1, 3, 3.7500e+01, 4.7976e+00, 2.0000e-03
1, 3, 3.7500e+01, 4.1401e+00, 5.0000e-03
1, 3, 3.7500e+01, 3.8348e+00, 8.0000e-03
1, 3, 3.7500e+01, 3.6967e+00, 1.0000e-02
1, 3, 3.7500e+01, 3.4196e+00, 1.6000e-02
1, 3, 3.7500e+01, 3.1311e+00, 2.7000e-02
1, 3, 3.7500e+01, 2.8679e+00, 4.5000e-02
1, 3, 3.7500e+01, 2.6084e+00, 7.7000e-02
1, 3, 3.7500e+01, 2.3704e+00, 1.3000e-01
1, 3, 3.7500e+01, 2.1633e+00, 2.1000e-01
1, 3, 3.7500e+01, 1.9523e+00, 3.5000e-01
1, 3, 3.7500e+01, 1.7382e+00, 6.0000e-01
1, 3, 3.7500e+01, 1.5607e+00, 9.5000e-01
1, 3, 3.7500e+01, 1.3403e+00, 1.7000e+00
1, 3, 3.7500e+01, 1.1270e+00, 3.0000e+00
1, 3, 3.7500e+01, 9.2700e-01, 5.1000e+00
1, 3, 3.7500e+01, 7.4070e-01, 8.3000e+00
1, 3, 3.7500e+01, 5.9683e-01, 1.2000e+01
1, 3, 3.7500e+01, 4.1278e-01, 1.9000e+01
1, 3, 3.7500e+01, 2.2327e-01, 3.0000e+01
1, 3, 3.7500e+01, 9.9892e-02, 4.0000e+01
1, 3, 3.7500e+01, -4.0837e-02, 5.5000e+01
1, 3, 3.7500e+01, -1.6362e-01, 7.2000e+01
1, 3, 3.7500e+01, -2.6819e-01, 9.0000e+01
1, 3, 3.7500e+01, -3.1368e-01, 9.9000e+01
1, 3, 3.7500e+01, 5.3555e+00, 1.0000e-03
1, 3, 3.7500e+01, 4.7976e+00, 2.0000e-03
1, 3, 3.7500e+01, 4.1401e+00, 5.0000e-03
1, 3, 3.7500e+01, 3.8348e+00, 8.0000e-03
1, 3, 3.7500e+01, 3.6967e+00, 1.0000e-02
1, 3, 3.7500e+01, 3.4196e+00, 1.6000e-02
1, 3, 3.7500e+01, 3.1311e+00, 2.7000e-02
1, 3, 3.7500e+01, 2.8679e+00, 4.5000e-02
1, 3, 3.7500e+01, 2.6084e+00, 7.7000e-02
1, 3, 3.7500e+01, 2.3704e+00, 1.3000e-01
1, 3, 3.7500e+01, 2.1633e+00, 2.1000e-01
1, 3, 3.7500e+01, 1.9523e+00, 3.5000e-01
1, 3, 3.7500e+01, 1.7382e+00, 6.0000e-01
1, 3, 3.7500e+01, 1.5607e+00, 9.5000e-01
1, 3, 3.7500e+01, 1.3403e+00, 1.7000e+00
1, 3, 3.7500e+01, 1.1270e+00, 3.0000e+00
1, 3, 3.7500e+01, 9.2700e-01, 5.1000e+00
1, 3, 3.7500e+01, 7.4070e-01, 8.3000e+00
1, 3, 3.7500e+01, 5.9683e-01, 1.2000e+01
1, 3, 3.7500e+01, 4.1278e-01, 1.9000e+01
1, 3, 3.7500e+01, 2.2327e-01, 3.0000e+01
1, 3, 3.7500e+01, 9.9892e-02, 4.0000e+01
1, 3, 3.7500e+01, -4.0837e-02, 5.5000e+01
1, 3, 3.7500e+01, -1.6362e-01, 7.2000e+01
1, 3, 3.7500e+01, -2.6819e-01, 9.0000e+01
1, 3, 3.7500e+01, -3.1368e-01, 9.9000e+01
1, 3, 3.7500e+01, 5.3555e+00, 1.0000e-03
1, 3, 3.7500e+01, 4.7976e+00, 2.0000e-03
1, 3, 3.7500e+01, 4.1401e+00, 5.0000e-03
1, 3, 3.7500e+01, 3.8348e+00, 8.0000e-03
1, 3, 3.7500e+01, 3.6967e+00, 1.0000e-02
1, 3, 3.7500e+01, 3.4196e+00, 1.6000e-02
1, 3, 3.7500e+01, 3.1311e+00, 2.7000e-02
1, 3, 3.7500e+01, 2.8679e+00, 4.5000e-02
1, 3, 3.7500e+01, 2.6084e+00, 7.7000e-02
1, 3, 3.7500e+01, 2.3704e+00, 1.3000e-01
1, 3, 3.7500e+01, 2.1633e+00, 2.1000e-01
1, 3, 3.7500e+01, 1.9523e+00, 3.5000e-01
1, 3, 3.7500e+01, 1.7382e+00, 6.0000e-01
1, 3, 3.7500e+01, 1.5607e+00, 9.5000e-01
1, 3, 3.7500e+01, 1.3403e+00, 1.7000e+00
1, 3, 3.7500e+01, 1.1270e+00, 3.0000e+00
1, 3, 3.7500e+01, 9.2700e-01, 5.1000e+00
1, 3, 3.7500e+01, 7.4070e-01, 8.3000e+00
1, 3, 3.7500e+01, 5.9683e-01, 1.2000e+01
1, 3, 3.7500e+01, 4.1278e-01, 1.9000e+01
1, 3, 3.7500e+01, 2.2327e-01, 3.0000e+01
1, 3, 3.7500e+01, 9.9892e-02, 4.0000e+01
1, 3, 3.7500e+01, -4.0837e-02, 5.5000e+01
1, 3, 3.7500e+01, -1.6362e-01, 7.2000e+01
1, 3, 3.7500e+01, -2.6819e-01, 9.0000e+01
1, 3, 3.7500e+01, -3.1368e-01, 9.9000e+01
1, 3, 3.7500e+01, 5.3555e+00, 1.0000e-03
1, 3, 3.7500e+01, 4.7976e+00, 2.0000e-03
1, 3, 3.7500e+01, 4.1401e+00, 5.0000e-03
1, 3, 3.7500e+01, 3.8348e+00, 8.0000e-03
1, 3, 3.7500e+01, 3.6967e+00, 1.0000e-02
1, 3, 3.7500e+01, 3.4196e+00, 1.6000e-02
1, 3, 3.7500e+01, 3.1311e+00, 2.7000e-02
1, 3, 3.7500e+01, 2.8679e+00, 4.5000e-02
1, 3, 3.7500e+01, 2.6084e+00, 7.7000e-02
1, 3, 3.7500e+01, 2.3704e+00, 1.3000e-01
1, 3, 3.7500e+01, 2.1633e+00, 2.1000e-01
1, 3, 3.7500e+01, 1.9523e+00, 3.5000e-01
1, 3, 3.7500e+01, 1.7382e+00, 6.0000e-01
1, 3, 3.7500e+01, 1.5607e+00, 9.5000e-01
1, 3, 3.7500e+01, 1.3403e+00, 1.7000e+00
1, 3, 3.7500e+01, 1.1270e+00, 3.0000e+00
1, 3, 3.7500e+01, 9.2700e-01, 5.1000e+00
1, 3, 3.7500e+01, 7.4070e-01, 8.3000e+00
1, 3, 3.7500e+01, 5.9683e-01, 1.2000e+01
1, 3, 3.7500e+01, 4.1278e-01, 1.9000e+01
1, 3, 3.7500e+01, 2.2327e-01, 3.0000e+01
1, 3, 3.7500e+01, 9.9892e-02, 4.0000e+01
1, 3, 3.7500e+01, -4.0837e-02, 5.5000e+01
1, 3, 3.7500e+01, -1.6362e-01, 7.2000e+01
1, 3, 3.7500e+01, -2.6819e-01, 9.0000e+01
1, 3, 3.7500e+01, -3.1368e-01, 9.9000e+01
1, 3, 3.7500e+01, 5.3555e+00, 1.0000e-03
1, 3, 3.7500e+01, 4.7976e+00, 2.0000e-03
1, 3, 3.7500e+01, 4.1401e+00, 5.0000e-03
1, 3, 3.7500e+01, 3.8348e+00, 8.0000e-03
1, 3, 3.7500e+01, 3.6967e+00, 1.0000e-02
1, 3, 3.7500e+01, 3.4196e+00, 1.6000e-02
1, 3, 3.7500e+01, 3.1311e+00, 2.7000e-02
1, 3, 3.7500e+01, 2.8679e+00, 4.5000e-02
1, 3, 3.7500e+01, 2.6084e+00, 7.7000e-02
1, 3, 3.7500e+01, 2.3704e+00, 1.3000e-01
1, 3, 3.7500e+01, 2.1633e+00, 2.1000e-01
1, 3, 3.7500e+01, 1.9523e+00, 3.5000e-01
1, 3, 3.7500e+01, 1.7382e+00, 6.0000e-01
1, 3, 3.7500e+01, 1.5607e+00, 9.5000e-01
1, 3, 3.7500e+01, 1.3403e+00, 1.7000e+00
1, 3, 3.7500e+01, 1.1270e+00, 3.0000e+00
1, 3, 3.7500e+01, 9.2700e-01, 5.1000e+00
1, 3, 3.7500e+01, 7.4070e-01, 8.3000e+00
1, 3, 3.7500e+01, 5.9683e-01, 1.2000e+01
1, 3, 3.7500e+01, 4.1278e-01, 1.9000e+01
1, 3, 3.7500e+01, 2.2327e-01, 3.0000e+01
1, 3, 3.7500e+01, 9.9892e-02, 4.0000e+01
1, 3, 3.7500e+01, -4.0837e-02, 5.5000e+01
1, 3, 3.7500e+01, -1.6362e-01, 7.2000e+01
1, 3, 3.7500e+01, -2.6819e-01, 9.0000e+01
1, 3, 3.7500e+01, -3.1368e-01, 9.9000e+01
1, 3, 3.7500e+01, 5.3555e+00, 1.0000e-03
1, 3, 3.7500e+01, 4.7976e+00, 2.0000e-03
1, 3, 3.7500e+01, 4.1401e+00, 5.0000e-03
1, 3, 3.7500e+01, 3.8348e+00, 8.0000e-03
1, 3, 3.7500e+01, 3.6967e+00, 1.0000e-02
1, 3, 3.7500e+01, 3.4196e+00, 1.6000e-02
1, 3, 3.7500e+01, 3.1311e+00, 2.7000e-02
1, 3, 3.7500e+01, 2.8679e+00, 4.5000e-02
1, 3, 3.7500e+01, 2.6084e+00, 7.7000e-02
1, 3, 3.7500e+01, 2.3704e+00, 1.3000e-01
1, 3, 3.7500e+01, 2.1633e+00, 2.1000e-01
1, 3, 3.7500e+01, 1.9523e+00, 3.5000e-01
1, 3, 3.7500e+01, 1.7382e+00, 6.0000e-01
1, 3, 3.7500e+01, 1.5607e+00, 9.5000e-01
1, 3, 3.7500e+01, 1.3403e+00, 1.7000e+00
1, 3, 3.7500e+01, 1.1270e+00, 3.0000e+00
1, 3, 3.7500e+01, 9.2700e-01, 5.1000e+00
1, 3, 3.7500e+01, 7.4070e-01, 8.3000e+00
1, 3, 3.7500e+01, 5.9683e-01, 1.2000e+01
1, 3, 3.7500e+01, 4.1278e-01, 1.9000e+01
1, 3, 3.7500e+01, 2.2327e-01, 3.0000e+01
1, 3, 3.7500e+01, 9.9892e-02, 4.0000e+01
1, 3, 3.7500e+01, -4.0837e-02, 5.5000e+01
1, 3, 3.7500e+01, -1.6362e-01, 7.2000e+01
1, 3, 3.7500e+01, -2.6819e-01, 9.0000e+01
1, 3, 3.7500e+01, -3.1368e-01, 9.9000e+01
1, 3, 3.7500e+01, 5.3555e+00, 1.0000e-03
1, 3, 3.7500e+01, 4.7976e+00, 2.0000e-03
1, 3, 3.7500e+01, 4.1401e+00, 5.0000e-03
1, 3, 3.7500e+01, 3.8348e+00, 8.0000e-03
1, 3, 3.7500e+01, 3.6967e+00, 1.0000e-02
1, 3, 3.7500e+01, 3.4196e+00, 1.6000e-02
1, 3, 3.7500e+01, 3.1311e+00, 2.7000e-02
1, 3, 3.7500e+01, 2.8679e+00, 4.5000e-02
1, 3, 3.7500e+01, 2.6084e+00, 7.7000e-02
1, 3, 3.7500e+01, 2.3704e+00, 1.3000e-01
1, 3, 3.7500e+01, 2.1633e+00, 2.1000e-01
1, 3, 3.7500e+01, 1.9523e+00, 3.5000e-01
1, 3, 3.7500e+01, 1.7382e+00, 6.0000e-01
1, 3, 3.7500e+01, 1.5607e+00, 9.5000e-01
1, 3, 3.7500e+01, 1.3403e+00, 1.7000e+00
1, 3, 3.7500e+01, 1.1270e+00, 3.0000e+00
1, 3, 3.7500e+01, 9.2700e-01, 5.1000e+00
1, 3, 3.7500e+01, 7.4070e-01, 8.3000e+00
1, 3, 3.7500e+01, 5.9683e-01, 1.2000e+01
1, 3, 3.7500e+01, 4.1278e-01, 1.9000e+01
1, 3, 3.7500e+01, 2.2327e-01, 3.0000e+01
1, 3, 3.7500e+01, 9.9892e-02, 4.0000e+01
1, 3, 3.7500e+01, -4.0837e-02, 5.5000e+01
1, 3, 3.7500e+01, -1.6362e-01, 7.2000e+01
1, 3, 3.7500e+01, -2.6819e-01, 9.0000e+01
1, 3, 3.7500e+01, -3.1368e-01, 9.9000e+01
1, 3, 3.7500e+01, 5.3555e+00, 1.0000e-03
1, 3, 3.7500e+01, 4.7976e+00, 2.0000e-03
1, 3, 3.7500e+01, 4.1401e+00, 5.0000e-03
1, 3, 3.7500e+01, 3.8348e+00, 8.0000e-03
1, 3, 3.7500e+01, 3.6967e+00, 1.0000e-02
1, 3, 3.7500e+01, 3.4196e+00, 1.6000e-02
1, 3, 3.7500e+01, 3.1311e+00, 2.7000e-02
1, 3, 3.7500e+01, 2.8679e+00, 4.5000e-02
1, 3, 3.7500e+01, 2.6084e+00, 7.7000e-02
1, 3, 3.7500e+01, 2.3704e+00, 1.3000e-01
1, 3, 3.7500e+01, 2.1633e+00, 2.1000e-01
1, 3, 3.7500e+01, 1.9523e+00, 3.5000e-01
1, 3, 3.7500e+01, 1.7382e+00, 6.0000e-01
1, 3, 3.7500e+01, 1.5607e+00, 9.5000e-01
1, 3, 3.7500e+01, 1.3403e+00, 1.7000e+00
1, 3, 3.7500e+01, 1.1270e+00, 3.0000e+00
1, 3, 3.7500e+01, 9.2700e-01, 5.1000e+00
1, 3, 3.7500e+01, 7.4070e-01, 8.3000e+00
1, 3, 3.7500e+01, 5.9683e-01, 1.2000e+01
1, 3, 3.7500e+01, 4.1278e-01, 1.9000e+01
1, 3, 3.7500e+01, 2.2327e-01, 3.0000e+01
1, 3, 3.7500e+01, 9.9892e-02, 4.0000e+01
1, 3, 3.7500e+01, -4.0837e-02, 5.5000e+01
1, 3, 3.7500e+01, -1.6362e-01, 7.2000e+01
1, 3, 3.7500e+01, -2.6819e-01, 9.0000e+01
1, 3, 3.7500e+01, -3.1368e-01, 9.9000e+01
1, 3, 3.7500e+01, 5.3555e+00, 1.0000e-03
1, 3, 3.7500e+01, 4.7976e+00, 2.0000e-03
1, 3, 3.7500e+01, 4.1401e+00, 5.0000e-03
1, 3, 3.7500e+01, 3.8348e+00, 8.0000e-03
1, 3, 3.7500e+01, 3.6967e+00, 1.0000e-02
1, 3, 3.7500e+01, 3.4196e+00, 1.6000e-02
1, 3, 3.7500e+01, 3.1311e+00, 2.7000e-02
1, 3, 3.7500e+01, 2.8679e+00, 4.5000e-02
1, 3, 3.7500e+01, 2.6084e+00, 7.7000e-02
1, 3, 3.7500e+01, 2.3704e+00, 1.3000e-01
1, 3, 3.7500e+01, 2.1633e+00, 2.1000e-01
1, 3, 3.7500e+01, 1.9523e+00, 3.5000e-01
1, 3, 3.7500e+01, 1.7382e+00, 6.0000e-01
1, 3, 3.7500e+01, 1.5607e+00, 9.5000e-01
1, 3, 3.7500e+01, 1.3403e+00, 1.7000e+00
1, 3, 3.7500e+01, 1.1270e+00, 3.0000e+00
1, 3, 3.7500e+01, 9.2700e-01, 5.1000e+00
1, 3, 3.7500e+01, 7.4070e-01, 8.3000e+00
1, 3, 3.7500e+01, 5.9683e-01, 1.2000e+01
1, 3, 3.7500e+01, 4.1278e-01, 1.9000e+01
1, 3, 3.7500e+01, 2.2327e-01, 3.0000e+01
1, 3, 3.7500e+01, 9.9892e-02, 4.0000e+01
1, 3, 3.7500e+01, -4.0837e-02, 5.5000e+01
1, 3, 3.7500e+01, -1.6362e-01, 7.2000e+01
1, 3, 3.7500e+01, -2.6819e-01, 9.0000e+01
1, 3, 3.7500e+01, -3.1368e-01, 9.9000e+01
1, 3, 3.7500e+01, 5.3555e+00, 1.0000e-03
1, 3, 3.7500e+01, 4.7976e+00, 2.0000e-03
1, 3, 3.7500e+01, 4.1401e+00, 5.0000e-03
1, 3, 3.7500e+01, 3.8348e+00, 8.0000e-03
1, 3, 3.7500e+01, 3.6967e+00, 1.0000e-02
1, 3, 3.7500e+01, 3.4196e+00, 1.6000e-02
1, 3, 3.7500e+01, 3.1311e+00, 2.7000e-02
1, 3, 3.7500e+01, 2.8679e+00, 4.5000e-02
1, 3, 3.7500e+01, 2.6084e+00, 7.7000e-02
1, 3, 3.7500e+01, 2.3704e+00, 1.3000e-01
1, 3, 3.7500e+01, 2.1633e+00, 2.1000e-01
1, 3, 3.7500e+01, 1.9523e+00, 3.5000e-01
1, 3, 3.7500e+01, 1.7382e+00, 6.0000e-01
1, 3, 3.7500e+01, 1.5607e+00, 9.5000e-01
1, 3, 3.7500e+01, 1.3403e+00, 1.7000e+00
1, 3, 3.7500e+01, 1.1270e+00, 3.0000e+00
1, 3, 3.7500e+01, 9.2700e-01, 5.1000e+00
1, 3, 3.7500e+01, 7.4070e-01, 8.3000e+00
1, 3, 3.7500e+01, 5.9683e-01, 1.2000e+01
1, 3, 3.7500e+01, 4.1278e-01, 1.9000e+01
1, 3, 3.7500e+01, 2.2327e-01, 3.0000e+01
1, 3, 3.7500e+01, 9.9892e-02, 4.0000e+01
1, 3, 3.7500e+01, -4.0837e-02, 5.5000e+01
1, 3, 3.7500e+01, -1.6362e-01, 7.2000e+01
1, 3, 3.7500e+01, -2.6819e-01, 9.0000e+01
1, 3, 3.7500e+01, -3.1368e-01, 9.9000e+01
1, 3, 3.7500e+01, 5.3555e+00, 1.0000e-03
1, 3, 3.7500e+01, 4.7976e+00, 2.0000e-03
1, 3, 3.7500e+01, 4.1401e+00, 5.0000e-03
1, 3, 3.7500e+01, 3.8348e+00, 8.0000e-03
1, 3, 3.7500e+01, 3.6967e+00, 1.0000e-02
1, 3, 3.7500e+01, 3.4196e+00, 1.6000e-02
1, 3, 3.7500e+01, 3.1311e+00, 2.7000e-02
1, 3, 3.7500e+01, 2.8679e+00, 4.5000e-02
1, 3, 3.7500e+01, 2.6084e+00, 7.7000e-02
1, 3, 3.7500e+01, 2.3704e+00, 1.3000e-01
1, 3, 3.7500e+01, 2.1633e+00, 2.1000e-01
1, 3, 3.7500e+01, 1.9523e+00, 3.5000e-01
1, 3, 3.7500e+01, 1.7382e+00, 6.0000e-01
1, 3, 3.7500e+01, 1.5607e+00, 9.5000e-01
1, 3, 3.7500e+01, 1.3403e+00, 1.7000e+00
1, 3, 3.7500e+01, 1.1270e+00, 3.0000e+00
1, 3, 3.7500e+01, 9.2700e-01, 5.1000e+00
1, 3, 3.7500e+01, 7.4070e-01, 8.3000e+00
1, 3, 3.7500e+01, 5.9683e-01, 1.2000e+01
1, 3, 3.7500e+01, 4.1278e-01, 1.9000e+01
1, 3, 3.7500e+01, 2.2327e-01, 3.0000e+01
1, 3, 3.7500e+01, 9.9892e-02, 4.0000e+01
1, 3, 3.7500e+01, -4.0837e-02, 5.5000e+01
1, 3, 3.7500e+01, -1.6362e-01, 7.2000e+01
1, 3, 3.7500e+01, -2.6819e-01, 9.0000e+01
1, 3, 3.7500e+01, -3.1368e-01, 9.9000e+01
1, 3, 3.7500e+01, 5.3555e+00, 1.0000e-03
1, 3, 3.7500e+01, 4.7976e+00, 2.0000e-03
1, 3, 3.7500e+01, 4.1401e+00, 5.0000e-03
1, 3, 3.7500e+01, 3.8348e+00, 8.0000e-03
1, 3, 3.7500e+01, 3.6967e+00, 1.0000e-02
1, 3, 3.7500e+01, 3.4196e+00, 1.6000e-02
1, 3, 3.7500e+01, 3.1311e+00, 2.7000e-02
1, 3, 3.7500e+01, 2.8679e+00, 4.5000e-02
1, 3, 3.7500e+01, 2.6084e+00, 7.7000e-02
1, 3, 3.7500e+01, 2.3704e+00, 1.3000e-01
1, 3, 3.7500e+01, 2.1633e+00, 2.1000e-01
1, 3, 3.7500e+01, 1.9523e+00, 3.5000e-01
1, 3, 3.7500e+01, 1.7382e+00, 6.0000e-01
1, 3, 3.7500e+01, 1.5607e+00, 9.5000e-01
1, 3, 3.7500e+01, 1.3403e+00, 1.7000e+00
1, 3, 3.7500e+01, 1.1270e+00, 3.0000e+00
1, 3, 3.7500e+01, 9.2700e-01, 5.1000e+00
1, 3, 3.7500e+01, 7.4070e-01, 8.3000e+00
1, 3, 3.7500e+01, 5.9683e-01, 1.2000e+01
1, 3, 3.7500e+01, 4.1278e-01, 1.9000e+01
1, 3, 3.7500e+01, 2.2327e-01, 3.0000e+01
1, 3, 3.7500e+01, 9.9892e-02, 4.0000e+01
1, 3, 3.7500e+01, -4.0837e-02, 5.5000e+01
1, 3, 3.7500e+01, -1.6362e-01, 7.2000e+01
1, 3, 3.7500e+01, -2.6819e-01, 9.0000e+01
1, 3, 3.7500e+01, -3.1368e-01, 9.9000e+01
1, 3, 3.7500e+01, 5.3555e+00, 1.0000e-03
1, 3, 3.7500e+01, 4.7976e+00, 2.0000e-03
1, 3, 3.7500e+01, 4.1401e+00, 5.0000e-03
1, 3, 3.7500e+01, 3.8348e+00, 8.0000e-03
1, 3, 3.7500e+01, 3.6967e+00, 1.0000e-02
1, 3, 3.7500e+01, 3.4196e+00, 1.6000e-02
1, 3, 3.7500e+01, 3.1311e+00, 2.7000e-02
1, 3, 3.7500e+01, 2.8679e+00, 4.5000e-02
1, 3, 3.7500e+01, 2.6084e+00, 7.7000e-02
1, 3, 3.7500e+01, 2.3704e+00, 1.3000e-01
1, 3, 3.7500e+01, 2.1633e+00, 2.1000e-01
1, 3, 3.7500e+01, 1.9523e+00, 3.5000e-01
1, 3, 3.7500e+01, 1.7382e+00, 6.0000e-01
1, 3, 3.7500e+01, 1.5607e+00, 9.5000e-01
1, 3, 3.7500e+01, 1.3403e+00, 1.7000e+00
1, 3, 3.7500e+01, 1.1270e+00, 3.0000e+00
1, 3, 3.7500e+01, 9.2700e-01, 5.1000e+00
1, 3, 3.7500e+01, 7.4070e-01, 8.3000e+00
1, 3, 3.7500e+01, 5.9683e-01, 1.2000e+01
1, 3, 3.7500e+01, 4.1278e-01, 1.9000e+01
1, 3, 3.7500e+01, 2.2327e-01, 3.0000e+01
1, 3, 3.7500e+01, 9.9892e-02, 4.0000e+01
1, 3, 3.7500e+01, -4.0837e-02, 5.5000e+01
1, 3, 3.7500e+01, -1.6362e-01, 7.2000e+01
1, 3, 3.7500e+01, -2.6819e-01, 9.0000e+01
1, 3, 3.7500e+01, -3.1368e-01, 9.9000e+01
1, 4, 3.7500e+01, 3.8330e+00, 1.0000e-03
1, 4, 3.7500e+01, 3.4337e+00, 2.0000e-03
1, 4, 3.7500e+01, 2.9631e+00, 5.0000e-03
1, 4, 3.7500e+01, 2.7446e+00, 8.0000e-03
1, 4, 3.7500e+01, 2.6458e+00, 1.0000e-02
1, 4, 3.7500e+01, 2.4474e+00, 1.6000e-02
1, 4, 3.7500e+01, 2.2409e+00, 2.7000e-02
1, 4, 3.7500e+01, 2.0526e+00, 4.5000e-02
1, 4, 3.7500e+01, 1.8669e+00, 7.7000e-02
1, 4, 3.7500e+01, 1.6965e+00, 1.3000e-01
1, 4, 3.7500e+01, 1.5483e+00, 2.1000e-01
1, 4, 3.7500e+01, 1.3973e+00, 3.5000e-01
1, 4, 3.7500e+01, 1.2440e+00, 6.0000e-01
1, 4, 3.7500e+01, 1.1170e+00, 9.5000e-01
1, 4, 3.7500e+01, 9.5925e-01, 1.7000e+00
1, 4, 3.7500e+01, 8.0663e-01, 3.0000e+00
1, 4, 3.7500e+01, 6.6346e-01, 5.1000e+00
1, 4, 3.7500e+01, 5.3012e-01, 8.3000e+00
1, 4, 3.7500e+01, 4.2715e-01, 1.2000e+01
1, 4, 3.7500e+01, 2.9543e-01, 1.9000e+01
1, 4, 3.7500e+01, 1.5980e-01, 3.0000e+01
1, 4, 3.7500e+01, 7.1493e-02, 4.0000e+01
1, 4, 3.7500e+01, -2.9227e-02, 5.5000e+01
1, 4, 3.7500e+01, -1.1710e-01, 7.2000e+01
1, 4, 3.7500e+01, -1.9194e-01, 9.0000e+01
1, 4, 3.7500e+01, -2.2450e-01, 9.9000e+01
1, 4, 3.7500e+01, 3.8330e+00, 1.0000e-03
1, 4, 3.7500e+01, 3.4337e+00, 2.0000e-03
1, 4, 3.7500e+01, 2.9631e+00, 5.0000e-03
1, 4, 3.7500e+01, 2.7446e+00, 8.0000e-03
1, 4, 3.7500e+01, 2.6458e+00, 1.0000e-02
1, 4, 3.7500e+01, 2.4474e+00, 1.6000e-02
1, 4, 3.7500e+01, 2.2409e+00, 2.7000e-02
1, 4, 3.7500e+01, 2.0526e+00, 4.5000e-02
1, 4, 3.7500e+01, 1.8669e+00, 7.7000e-02
1, 4, 3.7500e+01, 1.6965e+00, 1.3000e-01
1, 4, 3.7500e+01, 1.5483e+00, 2.1000e-01
1, 4, 3.7500e+01, 1.3973e+00, 3.5000e-01
1, 4, 3.7500e+01, 1.2440e+00, 6.0000e-01
1, 4, 3.7500e+01, 1.1170e+00, 9.5000e-01
1, 4, 3.7500e+01, 9.5925e-01, 1.7000e+00
1, 4, 3.7500e+01, 8.0663e-01, 3.0000e+00
1, 4, 3.7500e+01, 6.6346e-01, 5.1000e+00
1, 4, 3.7500e+01, 5.3012e-01, 8.3000e+00
1, 4, 3.7500e+01, 4.2715e-01, 1.2000e+01
1, 4, 3.7500e+01, 2.9543e-01, 1.9000e+01
1, 4, 3.7500e+01, 1.5980e-01, 3.0000e+01
1, 4, 3.7500e+01, 7.1493e-02, 4.0000e+01
1, 4, 3.7500e+01, -2.9227e-02, 5.5000e+01
1, 4, 3.7500e+01, -1.1710e-01, 7.2000e+01
1, 4, 3.7500e+01, -1.9194e-01, 9.0000e+01
1, 4, 3.7500e+01, -2.2450e-01, 9.9000e+01
1, 4, 3.7500e+01, 3.8330e+00, 1.0000e-03
1, 4, 3.7500e+01, 3.4337e+00, 2.0000e-03
1, 4, 3.7500e+01, 2.9631e+00, 5.0000e-03
1, 4, 3.7500e+01, 2.7446e+00, 8.0000e-03
1, 4, 3.7500e+01, 2.6458e+00, 1.0000e-02
1, 4, 3.7500e+01, 2.4474e+00, 1.6000e-02
1, 4, 3.7500e+01, 2.2409e+00, 2.7000e-02
1, 4, 3.7500e+01, 2.0526e+00, 4.5000e-02
1, 4, 3.7500e+01, 1.8669e+00, 7.7000e-02
1, 4, 3.7500e+01, 1.6965e+00, 1.3000e-01
1, 4, 3.7500e+01, 1.5483e+00, 2.1000e-01
1, 4, 3.7500e+01, 1.3973e+00, 3.5000e-01
1, 4, 3.7500e+01, 1.2440e+00, 6.0000e-01
1, 4, 3.7500e+01, 1.1170e+00, 9.5000e-01
1, 4, 3.7500e+01, 9.5925e-01, 1.7000e+00
1, 4, 3.7500e+01, 8.0663e-01, 3.0000e+00
1, 4, 3.7500e+01, 6.6346e-01, 5.1000e+00
1, 4, 3.7500e+01, 5.3012e-01, 8.3000e+00
1, 4, 3.7500e+01, 4.2715e-01, 1.2000e+01
1, 4, 3.7500e+01, 2.9543e-01, 1.9000e+01
1, 4, 3.7500e+01, 1.5980e-01, 3.0000e+01
1, 4, 3.7500e+01, 7.1493e-02, 4.0000e+01
1, 4, 3.7500e+01, -2.9227e-02, 5.5000e+01
1, 4, 3.7500e+01, -1.1710e-01, 7.2000e+01
1, 4, 3.7500e+01, -1.9194e-01, 9.0000e+01
1, 4, 3.7500e+01, -2.2450e-01, 9.9000e+01
1, 4, 3.7500e+01, 3.8330e+00, 1.0000e-03
1, 4, 3.7500e+01, 3.4337e+00, 2.0000e-03
1, 4, 3.7500e+01, 2.9631e+00, 5.0000e-03
1, 4, 3.7500e+01, 2.7446e+00, 8.0000e-03
1, 4, 3.7500e+01, 2.6458e+00, 1.0000e-02
1, 4, 3.7500e+01, 2.4474e+00, 1.6000e-02
1, 4, 3.7500e+01, 2.2409e+00, 2.7000e-02
1, 4, 3.7500e+01, 2.0526e+00, 4.5000e-02
1, 4, 3.7500e+01, 1.8669e+00, 7.7000e-02
1, 4, 3.7500e+01, 1.6965e+00, 1.3000e-01
1, 4, 3.7500e+01, 1.5483e+00, 2.1000e-01
1, 4, 3.7500e+01, 1.3973e+00, 3.5000e-01
1, 4, 3.7500e+01, 1.2440e+00, 6.0000e-01
1, 4, 3.7500e+01, 1.1170e+00, 9.5000e-01
1, 4, 3.7500e+01, 9.5925e-01, 1.7000e+00
1, 4, 3.7500e+01, 8.0663e-01, 3.0000e+00
1, 4, 3.7500e+01, 6.6346e-01, 5.1000e+00
1, 4, 3.7500e+01, 5.3012e-01, 8.3000e+00
1, 4, 3.7500e+01, 4.2715e-01, 1.2000e+01
1, 4, 3.7500e+01, 2.9543e-01, 1.9000e+01
1, 4, 3.7500e+01, 1.5980e-01, 3.0000e+01
1, 4, 3.7500e+01, 7.1493e-02, 4.0000e+01
1, 4, 3.7500e+01, -2.9227e-02, 5.5000e+01
1, 4, 3.7500e+01, -1.1710e-01, 7.2000e+01
1, 4, 3.7500e+01, -1.9194e-01, 9.0000e+01
1, 4, 3.7500e+01, -2.2450e-01, 9.9000e+01
1, 4, 3.7500e+01, 3.8330e+00, 1.0000e-03
1, 4, 3.7500e+01, 3.4337e+00, 2.0000e-03
1, 4, 3.7500e+01, 2.9631e+00, 5.0000e-03
1, 4, 3.7500e+01, 2.7446e+00, 8.0000e-03
1, 4, 3.7500e+01, 2.6458e+00, 1.0000e-02
1, 4, 3.7500e+01, 2.4474e+00, 1.6000e-02
1, 4, 3.7500e+01, 2.2409e+00, 2.7000e-02
1, 4, 3.7500e+01, 2.0526e+00, 4.5000e-02
1, 4, 3.7500e+01, 1.8669e+00, 7.7000e-02
1, 4, 3.7500e+01, 1.6965e+00, 1.3000e-01
1, 4, 3.7500e+01, 1.5483e+00, 2.1000e-01
1, 4, 3.7500e+01, 1.3973e+00, 3.5000e-01
1, 4, 3.7500e+01, 1.2440e+00, 6.0000e-01
1, 4, 3.7500e+01, 1.1170e+00, 9.5000e-01
1, 4, 3.7500e+01, 9.5925e-01, 1.7000e+00
1, 4, 3.7500e+01, 8.0663e-01, 3.0000e+00
1, 4, 3.7500e+01, 6.6346e-01, 5.1000e+00
1, 4, 3.7500e+01, 5.3012e-01, 8.3000e+00
1, 4, 3.7500e+01, 4.2715e-01, 1.2000e+01
1, 4, 3.7500e+01, 2.9543e-01, 1.9000e+01
1, 4, 3.7500e+01, 1.5980e-01, 3.0000e+01
1, 4, 3.7500e+01, 7.1493e-02, 4.0000e+01
1, 4, 3.7500e+01, -2.9227e-02, 5.5000e+01
1, 4, 3.7500e+01, -1.1710e-01, 7.2000e+01
1, 4, 3.7500e+01, -1.9194e-01, 9.0000e+01
1, 4, 3.7500e+01, -2.2450e-01, 9.9000e+01
1, 4, 3.7500e+01, 3.8330e+00, 1.0000e-03
1, 4, 3.7500e+01, 3.4337e+00, 2.0000e-03
1, 4, 3.7500e+01, 2.9631e+00, 5.0000e-03
1, 4, 3.7500e+01, 2.7446e+00, 8.0000e-03
1, 4, 3.7500e+01, 2.6458e+00, 1.0000e-02
1, 4, 3.7500e+01, 2.4474e+00, 1.6000e-02
1, 4, 3.7500e+01, 2.2409e+00, 2.7000e-02
1, 4, 3.7500e+01, 2.0526e+00, 4.5000e-02
1, 4, 3.7500e+01, 1.8669e+00, 7.7000e-02
1, 4, 3.7500e+01, 1.6965e+00, 1.3000e-01
1, 4, 3.7500e+01, 1.5483e+00, 2.1000e-01
1, 4, 3.7500e+01, 1.3973e+00, 3.5000e-01
1, 4, 3.7500e+01, 1.2440e+00, 6.0000e-01
1, 4, 3.7500e+01, 1.1170e+00, 9.5000e-01
1, 4, 3.7500e+01, 9.5925e-01, 1.7000e+00
1, 4, 3.7500e+01, 8.0663e-01, 3.0000e+00
1, 4, 3.7500e+01, 6.6346e-01, 5.1000e+00
1, 4, 3.7500e+01, 5.3012e-01, 8.3000e+00
1, 4, 3.7500e+01, 4.2715e-01, 1.2000e+01
1, 4, 3.7500e+01, 2.9543e-01, 1.9000e+01
1, 4, 3.7500e+01, 1.5980e-01, 3.0000e+01
1, 4, 3.7500e+01, 7.1493e-02, 4.0000e+01
1, 4, 3.7500e+01, -2.9227e-02, 5.5000e+01
1, 4, 3.7500e+01, -1.1710e-01, 7.2000e+01
1, 4, 3.7500e+01, -1.9194e-01, 9.0000e+01
1, 4, 3.7500e+01, -2.2450e-01, 9.9000e+01
1, 4, 3.7500e+01, 3.8330e+00, 1.0000e-03
1, 4, 3.7500e+01, 3.4337e+00, 2.0000e-03
1, 4, 3.7500e+01, 2.9631e+00, 5.0000e-03
1, 4, 3.7500e+01, 2.7446e+00, 8.0000e-03
1, 4, 3.7500e+01, 2.6458e+00, 1.0000e-02
1, 4, 3.7500e+01, 2.4474e+00, 1.6000e-02
1, 4, 3.7500e+01, 2.2409e+00, 2.7000e-02
1, 4, 3.7500e+01, 2.0526e+00, 4.5000e-02
1, 4, 3.7500e+01, 1.8669e+00, 7.7000e-02
1, 4, 3.7500e+01, 1.6965e+00, 1.3000e-01
1, 4, 3.7500e+01, 1.5483e+00, 2.1000e-01
1, 4, 3.7500e+01, 1.3973e+00, 3.5000e-01
1, 4, 3.7500e+01, 1.2440e+00, 6.0000e-01
1, 4, 3.7500e+01, 1.1170e+00, 9.5000e-01
1, 4, 3.7500e+01, 9.5925e-01, 1.7000e+00
1, 4, 3.7500e+01, 8.0663e-01, 3.0000e+00
1, 4, 3.7500e+01, 6.6346e-01, 5.1000e+00
1, 4, 3.7500e+01, 5.3012e-01, 8.3000e+00
1, 4, 3.7500e+01, 4.2715e-01, 1.2000e+01
1, 4, 3.7500e+01, 2.9543e-01, 1.9000e+01
1, 4, 3.7500e+01, 1.5980e-01, 3.0000e+01
1, 4, 3.7500e+01, 7.1493e-02, 4.0000e+01
1, 4, 3.7500e+01, -2.9227e-02, 5.5000e+01
1, 4, 3.7500e+01, -1.1710e-01, 7.2000e+01
1, 4, 3.7500e+01, -1.9194e-01, 9.0000e+01
1, 4, 3.7500e+01, -2.2450e-01, 9.9000e+01
1, 4, 3.7500e+01, 3.8330e+00, 1.0000e-03
1, 4, 3.7500e+01, 3.4337e+00, 2.0000e-03
1, 4, 3.7500e+01, 2.9631e+00, 5.0000e-03
1, 4, 3.7500e+01, 2.7446e+00, 8.0000e-03
1, 4, 3.7500e+01, 2.6458e+00, 1.0000e-02
1, 4, 3.7500e+01, 2.4474e+00, 1.6000e-02
1, 4, 3.7500e+01, 2.2409e+00, 2.7000e-02
1, 4, 3.7500e+01, 2.0526e+00, 4.5000e-02
1, 4, 3.7500e+01, 1.8669e+00, 7.7000e-02
1, 4, 3.7500e+01, 1.6965e+00, 1.3000e-01
1, 4, 3.7500e+01, 1.5483e+00, 2.1000e-01
1, 4, 3.7500e+01, 1.3973e+00, 3.5000e-01
1, 4, 3.7500e+01, 1.2440e+00, 6.0000e-01
1, 4, 3.7500e+01, 1.1170e+00, 9.5000e-01
1, 4, 3.7500e+01, 9.5925e-01, 1.7000e+00
1, 4, 3.7500e+01, 8.0663e-01, 3.0000e+00
1, 4, 3.7500e+01, 6.6346e-01, 5.1000e+00
1, 4, 3.7500e+01, 5.3012e-01, 8.3000e+00
1, 4, 3.7500e+01, 4.2715e-01, 1.2000e+01
1, 4, 3.7500e+01, 2.9543e-01, 1.9000e+01
1, 4, 3.7500e+01, 1.5980e-01, 3.0000e+01
1, 4, 3.7500e+01, 7.1493e-02, 4.0000e+01
1, 4, 3.7500e+01, -2.9227e-02, 5.5000e+01
1, 4, 3.7500e+01, -1.1710e-01, 7.2000e+01
1, 4, 3.7500e+01, -1.9194e-01, 9.0000e+01
1, 4, 3.7500e+01, -2.2450e-01, 9.9000e+01
1, 4, 3.7500e+01, 3.8330e+00, 1.0000e-03
1, 4, 3.7500e+01, 3.4337e+00, 2.0000e-03
1, 4, 3.7500e+01, 2.9631e+00, 5.0000e-03
1, 4, 3.7500e+01, 2.7446e+00, 8.0000e-03
1, 4, 3.7500e+01, 2.6458e+00, 1.0000e-02
1, 4, 3.7500e+01, 2.4474e+00, 1.6000e-02
1, 4, 3.7500e+01, 2.2409e+00, 2.7000e-02
1, 4, 3.7500e+01, 2.0526e+00, 4.5000e-02
1, 4, 3.7500e+01, 1.8669e+00, 7.7000e-02
1, 4, 3.7500e+01, 1.6965e+00, 1.3000e-01
1, 4, 3.7500e+01, 1.5483e+00, 2.1000e-01
1, 4, 3.7500e+01, 1.3973e+00, 3.5000e-01
1, 4, 3.7500e+01, 1.2440e+00, 6.0000e-01
1, 4, 3.7500e+01, 1.1170e+00, 9.5000e-01
1, 4, 3.7500e+01, 9.5925e-01, 1.7000e+00
1, 4, 3.7500e+01, 8.0663e-01, 3.0000e+00
1, 4, 3.7500e+01, 6.6346e-01, 5.1000e+00
1, 4, 3.7500e+01, 5.3012e-01, 8.3000e+00
1, 4, 3.7500e+01, 4.2715e-01, 1.2000e+01
1, 4, 3.7500e+01, 2.9543e-01, 1.9000e+01
1, 4, 3.7500e+01, 1.5980e-01, 3.0000e+01
1, 4, 3.7500e+01, 7.1493e-02, 4.0000e+01
1, 4, 3.7500e+01, -2.9227e-02, 5.5000e+01
1, 4, 3.7500e+01, -1.1710e-01, 7.2000e+01
1, 4, 3.7500e+01, -1.9194e-01, 9.0000e+01
1, 4, 3.7500e+01, -2.2450e-01, 9.9000e+01
1, 4, 3.7500e+01, 3.8330e+00, 1.0000e-03
1, 4, 3.7500e+01, 3.4337e+00, 2.0000e-03
1, 4, 3.7500e+01, 2.9631e+00, 5.0000e-03
1, 4, 3.7500e+01, 2.7446e+00, 8.0000e-03
1, 4, 3.7500e+01, 2.6458e+00, 1.0000e-02
1, 4, 3.7500e+01, 2.4474e+00, 1.6000e-02
1, 4, 3.7500e+01, 2.2409e+00, 2.7000e-02
1, 4, 3.7500e+01, 2.0526e+00, 4.5000e-02
1, 4, 3.7500e+01, 1.8669e+00, 7.7000e-02
1, 4, 3.7500e+01, 1.6965e+00, 1.3000e-01
1, 4, 3.7500e+01, 1.5483e+00, 2.1000e-01
1, 4, 3.7500e+01, 1.3973e+00, 3.5000e-01
1, 4, 3.7500e+01, 1.2440e+00, 6.0000e-01
1, 4, 3.7500e+01, 1.1170e+00, 9.5000e-01
1, 4, 3.7500e+01, 9.5925e-01, 1.7000e+00
1, 4, 3.7500e+01, 8.0663e-01, 3.0000e+00
1, 4, 3.7500e+01, 6.6346e-01, 5.1000e+00
1, 4, 3.7500e+01, 5.3012e-01, 8.3000e+00
1, 4, 3.7500e+01, 4.2715e-01, 1.2000e+01
1, 4, 3.7500e+01, 2.9543e-01, 1.9000e+01
1, 4, 3.7500e+01, 1.5980e-01, 3.0000e+01
1, 4, 3.7500e+01, 7.1493e-02, 4.0000e+01
1, 4, 3.7500e+01, -2.9227e-02, 5.5000e+01
1, 4, 3.7500e+01, -1.1710e-01, 7.2000e+01
1, 4, 3.7500e+01, -1.9194e-01, 9.0000e+01
1, 4, 3.7500e+01, -2.2450e-01, 9.9000e+01
1, 4, 3.7500e+01, 3.8330e+00, 1.0000e-03
1, 4, 3.7500e+01, 3.4337e+00, 2.0000e-03
1, 4, 3.7500e+01, 2.9631e+00, 5.0000e-03
1, 4, 3.7500e+01, 2.7446e+00, 8.0000e-03
1, 4, 3.7500e+01, 2.6458e+00, 1.0000e-02
1, 4, 3.7500e+01, 2.4474e+00, 1.6000e-02
1, 4, 3.7500e+01, 2.2409e+00, 2.7000e-02
1, 4, 3.7500e+01, 2.0526e+00, 4.5000e-02
1, 4, 3.7500e+01, 1.8669e+00, 7.7000e-02
1, 4, 3.7500e+01, 1.6965e+00, 1.3000e-01
1, 4, 3.7500e+01, 1.5483e+00, 2.1000e-01
1, 4, 3.7500e+01, 1.3973e+00, 3.5000e-01
1, 4, 3.7500e+01, 1.2440e+00, 6.0000e-01
1, 4, 3.7500e+01, 1.1170e+00, 9.5000e-01
1, 4, 3.7500e+01, 9.5925e-01, 1.7000e+00
1, 4, 3.7500e+01, 8.0663e-01, 3.0000e+00
1, 4, 3.7500e+01, 6.6346e-01, 5.1000e+00
1, 4, 3.7500e+01, 5.3012e-01, 8.3000e+00
1, 4, 3.7500e+01, 4.2715e-01, 1.2000e+01
1, 4, 3.7500e+01, 2.9543e-01, 1.9000e+01
1, 4, 3.7500e+01, 1.5980e-01, 3.0000e+01
1, 4, 3.7500e+01, 7.1493e-02, 4.0000e+01
1, 4, 3.7500e+01, -2.9227e-02, 5.5000e+01
1, 4, 3.7500e+01, -1.1710e-01, 7.2000e+01
1, 4, 3.7500e+01, -1.9194e-01, 9.0000e+01
1, 4, 3.7500e+01, -2.2450e-01, 9.9000e+01
1, 4, 3.7500e+01, 3.8330e+00, 1.0000e-03
1, 4, 3.7500e+01, 3.4337e+00, 2.0000e-03
1, 4, 3.7500e+01, 2.9631e+00, 5.0000e-03
1, 4, 3.7500e+01, 2.7446e+00, 8.0000e-03
1, 4, 3.7500e+01, 2.6458e+00, 1.0000e-02
1, 4, 3.7500e+01, 2.4474e+00, 1.6000e-02
1, 4, 3.7500e+01, 2.2409e+00, 2.7000e-02
1, 4, 3.7500e+01, 2.0526e+00, 4.5000e-02
1, 4, 3.7500e+01, 1.8669e+00, 7.7000e-02
1, 4, 3.7500e+01, 1.6965e+00, 1.3000e-01
1, 4, 3.7500e+01, 1.5483e+00, 2.1000e-01
1, 4, 3.7500e+01, 1.3973e+00, 3.5000e-01
1, 4, 3.7500e+01, 1.2440e+00, 6.0000e-01
1, 4, 3.7500e+01, 1.1170e+00, 9.5000e-01
1, 4, 3.7500e+01, 9.5925e-01, 1.7000e+00
1, 4, 3.7500e+01, 8.0663e-01, 3.0000e+00
1, 4, 3.7500e+01, 6.6346e-01, 5.1000e+00
1, 4, 3.7500e+01, 5.3012e-01, 8.3000e+00
1, 4, 3.7500e+01, 4.2715e-01, 1.2000e+01
1, 4, 3.7500e+01, 2.9543e-01, 1.9000e+01
1, 4, 3.7500e+01, 1.5980e-01, 3.0000e+01
1, 4, 3.7500e+01, 7.1493e-02, 4.0000e+01
1, 4, 3.7500e+01, -2.9227e-02, 5.5000e+01
1, 4, 3.7500e+01, -1.1710e-01, 7.2000e+01
1, 4, 3.7500e+01, -1.9194e-01, 9.0000e+01
1, 4, 3.7500e+01, -2.2450e-01, 9.9000e+01
1, 4, 3.7500e+01, 3.8330e+00, 1.0000e-03
1, 4, 3.7500e+01, 3.4337e+00, 2.0000e-03
1, 4, 3.7500e+01, 2.9631e+00, 5.0000e-03
1, 4, 3.7500e+01, 2.7446e+00, 8.0000e-03
1, 4, 3.7500e+01, 2.6458e+00, 1.0000e-02
1, 4, 3.7500e+01, 2.4474e+00, 1.6000e-02
1, 4, 3.7500e+01, 2.2409e+00, 2.7000e-02
1, 4, 3.7500e+01, 2.0526e+00, 4.5000e-02
1, 4, 3.7500e+01, 1.8669e+00, 7.7000e-02
1, 4, 3.7500e+01, 1.6965e+00, 1.3000e-01
1, 4, 3.7500e+01, 1.5483e+00, 2.1000e-01
1, 4, 3.7500e+01, 1.3973e+00, 3.5000e-01
1, 4, 3.7500e+01, 1.2440e+00, 6.0000e-01
1, 4, 3.7500e+01, 1.1170e+00, 9.5000e-01
1, 4, 3.7500e+01, 9.5925e-01, 1.7000e+00
1, 4, 3.7500e+01, 8.0663e-01, 3.0000e+00
1, 4, 3.7500e+01, 6.6346e-01, 5.1000e+00
1, 4, 3.7500e+01, 5.3012e-01, 8.3000e+00
1, 4, 3.7500e+01, 4.2715e-01, 1.2000e+01
1, 4, 3.7500e+01, 2.9543e-01, 1.9000e+01
1, 4, 3.7500e+01, 1.5980e-01, 3.0000e+01
1, 4, 3.7500e+01, 7.1493e-02, 4.0000e+01
1, 4, 3.7500e+01, -2.9227e-02, 5.5000e+01
1, 4, 3.7500e+01, -1.1710e-01, 7.2000e+01
1, 4, 3.7500e+01, -1.9194e-01, 9.0000e+01
1, 4, 3.7500e+01, -2.2450e-01, 9.9000e+01
1, 4, 3.7500e+01, 3.8330e+00, 1.0000e-03
1, 4, 3.7500e+01, 3.4337e+00, 2.0000e-03
1, 4, 3.7500e+01, 2.9631e+00, 5.0000e-03
1, 4, 3.7500e+01, 2.7446e+00, 8.0000e-03
1, 4, 3.7500e+01, 2.6458e+00, 1.0000e-02
1, 4, 3.7500e+01, 2.4474e+00, 1.6000e-02
1, 4, 3.7500e+01, 2.2409e+00, 2.7000e-02
1, 4, 3.7500e+01, 2.0526e+00, 4.5000e-02
1, 4, 3.7500e+01, 1.8669e+00, 7.7000e-02
1, 4, 3.7500e+01, 1.6965e+00, 1.3000e-01
1, 4, 3.7500e+01, 1.5483e+00, 2.1000e-01
1, 4, 3.7500e+01, 1.3973e+00, 3.5000e-01
1, 4, 3.7500e+01, 1.2440e+00, 6.0000e-01
1, 4, 3.7500e+01, 1.1170e+00, 9.5000e-01
1, 4, 3.7500e+01, 9.5925e-01, 1.7000e+00
1, 4, 3.7500e+01, 8.0663e-01, 3.0000e+00
1, 4, 3.7500e+01, 6.6346e-01, 5.1000e+00
1, 4, 3.7500e+01, 5.3012e-01, 8.3000e+00
1, 4, 3.7500e+01, 4.2715e-01, 1.2000e+01
1, 4, 3.7500e+01, 2.9543e-01, 1.9000e+01
1, 4, 3.7500e+01, 1.5980e-01, 3.0000e+01
1, 4, 3.7500e+01, 7.1493e-02, 4.0000e+01
1, 4, 3.7500e+01, -2.9227e-02, 5.5000e+01
1, 4, 3.7500e+01, -1.1710e-01, 7.2000e+01
1, 4, 3.7500e+01, -1.9194e-01, 9.0000e+01
1, 4, 3.7500e+01, -2.2450e-01, 9.9000e+01
1, 4, 3.7500e+01, 3.8330e+00, 1.0000e-03
1, 4, 3.7500e+01, 3.4337e+00, 2.0000e-03
1, 4, 3.7500e+01, 2.9631e+00, 5.0000e-03
1, 4, 3.7500e+01, 2.7446e+00, 8.0000e-03
1, 4, 3.7500e+01, 2.6458e+00, 1.0000e-02
1, 4, 3.7500e+01, 2.4474e+00, 1.6000e-02
1, 4, 3.7500e+01, 2.2409e+00, 2.7000e-02
1, 4, 3.7500e+01, 2.0526e+00, 4.5000e-02
1, 4, 3.7500e+01, 1.8669e+00, 7.7000e-02
1, 4, 3.7500e+01, 1.6965e+00, 1.3000e-01
1, 4, 3.7500e+01, 1.5483e+00, 2.1000e-01
1, 4, 3.7500e+01, 1.3973e+00, 3.5000e-01
1, 4, 3.7500e+01, 1.2440e+00, 6.0000e-01
1, 4, 3.7500e+01, 1.1170e+00, 9.5000e-01
1, 4, 3.7500e+01, 9.5925e-01, 1.7000e+00
1, 4, 3.7500e+01, 8.0663e-01, 3.0000e+00
1, 4, 3.7500e+01, 6.6346e-01, 5.1000e+00
1, 4, 3.7500e+01, 5.3012e-01, 8.3000e+00
1, 4, 3.7500e+01, 4.2715e-01, 1.2000e+01
1, 4, 3.7500e+01, 2.9543e-01, 1.9000e+01
1, 4, 3.7500e+01, 1.5980e-01, 3.0000e+01
1, 4, 3.7500e+01, 7.1493e-02, 4.0000e+01
1, 4, 3.7500e+01, -2.9227e-02, 5.5000e+01
1, 4, 3.7500e+01, -1.1710e-01, 7.2000e+01
1, 4, 3.7500e+01, -1.9194e-01, 9.0000e+01
1, 4, 3.7500e+01, -2.2450e-01, 9.9000e+01
1, 4, 3.7500e+01, 3.8330e+00, 1.0000e-03
1, 4, 3.7500e+01, 3.4337e+00, 2.0000e-03
1, 4, 3.7500e+01, 2.9631e+00, 5.0000e-03
1, 4, 3.7500e+01, 2.7446e+00, 8.0000e-03
1, 4, 3.7500e+01, 2.6458e+00, 1.0000e-02
1, 4, 3.7500e+01, 2.4474e+00, 1.6000e-02
1, 4, 3.7500e+01, 2.2409e+00, 2.7000e-02
1, 4, 3.7500e+01, 2.0526e+00, 4.5000e-02
1, 4, 3.7500e+01, 1.8669e+00, 7.7000e-02
1, 4, 3.7500e+01, 1.6965e+00, 1.3000e-01
1, 4, 3.7500e+01, 1.5483e+00, 2.1000e-01
1, 4, 3.7500e+01, 1.3973e+00, 3.5000e-01
1, 4, 3.7500e+01, 1.2440e+00, 6.0000e-01
1, 4, 3.7500e+01, 1.1170e+00, 9.5000e-01
1, 4, 3.7500e+01, 9.5925e-01, 1.7000e+00
1, 4, 3.7500e+01, 8.0663e-01, 3.0000e+00
1, 4, 3.7500e+01, 6.6346e-01, 5.1000e+00
1, 4, 3.7500e+01, 5.3012e-01, 8.3000e+00
1, 4, 3.7500e+01, 4.2715e-01, 1.2000e+01
1, 4, 3.7500e+01, 2.9543e-01, 1.9000e+01
1, 4, 3.7500e+01, 1.5980e-01, 3.0000e+01
1, 4, 3.7500e+01, 7.1493e-02, 4.0000e+01
1, 4, 3.7500e+01, -2.9227e-02, 5.5000e+01
1, 4, 3.7500e+01, -1.1710e-01, 7.2000e+01
1, 4, 3.7500e+01, -1.9194e-01, 9.0000e+01
1, 4, 3.7500e+01, -2.2450e-01, 9.9000e+01
1, 4, 3.7500e+01, 3.8330e+00, 1.0000e-03
1, 4, 3.7500e+01, 3.4337e+00, 2.0000e-03
1, 4, 3.7500e+01, 2.9631e+00, 5.0000e-03
1, 4, 3.7500e+01, 2.7446e+00, 8.0000e-03
1, 4, 3.7500e+01, 2.6458e+00, 1.0000e-02
1, 4, 3.7500e+01, 2.4474e+00, 1.6000e-02
1, 4, 3.7500e+01, 2.2409e+00, 2.7000e-02
1, 4, 3.7500e+01, 2.0526e+00, 4.5000e-02
1, 4, 3.7500e+01, 1.8669e+00, 7.7000e-02
1, 4, 3.7500e+01, 1.6965e+00, 1.3000e-01
1, 4, 3.7500e+01, 1.5483e+00, 2.1000e-01
1, 4, 3.7500e+01, 1.3973e+00, 3.5000e-01
1, 4, 3.7500e+01, 1.2440e+00, 6.0000e-01
1, 4, 3.7500e+01, 1.1170e+00, 9.5000e-01
1, 4, 3.7500e+01, 9.5925e-01, 1.7000e+00
1, 4, 3.7500e+01, 8.0663e-01, 3.0000e+00
1, 4, 3.7500e+01, 6.6346e-01, 5.1000e+00
1, 4, 3.7500e+01, 5.3012e-01, 8.3000e+00
1, 4, 3.7500e+01, 4.2715e-01, 1.2000e+01
1, 4, 3.7500e+01, 2.9543e-01, 1.9000e+01
1, 4, 3.7500e+01, 1.5980e-01, 3.0000e+01
1, 4, 3.7500e+01, 7.1493e-02, 4.0000e+01
1, 4, 3.7500e+01, -2.9227e-02, 5.5000e+01
1, 4, 3.7500e+01, -1.1710e-01, 7.2000e+01
1, 4, 3.7500e+01, -1.9194e-01, 9.0000e+01
1, 4, 3.7500e+01, -2.2450e-01, 9.9000e+01
1, 4, 3.7500e+01, 3.8330e+00, 1.0000e-03
1, 4, 3.7500e+01, 3.4337e+00, 2.0000e-03
1, 4, 3.7500e+01, 2.9631e+00, 5.0000e-03
1, 4, 3.7500e+01, 2.7446e+00, 8.0000e-03
1, 4, 3.7500e+01, 2.6458e+00, 1.0000e-02
1, 4, 3.7500e+01, 2.4474e+00, 1.6000e-02
1, 4, 3.7500e+01, 2.2409e+00, 2.7000e-02
1, 4, 3.7500e+01, 2.0526e+00, 4.5000e-02
1, 4, 3.7500e+01, 1.8669e+00, 7.7000e-02
1, 4, 3.7500e+01, 1.6965e+00, 1.3000e-01
1, 4, 3.7500e+01, 1.5483e+00, 2.1000e-01
1, 4, 3.7500e+01, 1.3973e+00, 3.5000e-01
1, 4, 3.7500e+01, 1.2440e+00, 6.0000e-01
1, 4, 3.7500e+01, 1.1170e+00, 9.5000e-01
1, 4, 3.7500e+01, 9.5925e-01, 1.7000e+00
1, 4, 3.7500e+01, 8.0663e-01, 3.0000e+00
1, 4, 3.7500e+01, 6.6346e-01, 5.1000e+00
1, 4, 3.7500e+01, 5.3012e-01, 8.3000e+00
1, 4, 3.7500e+01, 4.2715e-01, 1.2000e+01
1, 4, 3.7500e+01, 2.9543e-01, 1.9000e+01
1, 4, 3.7500e+01, 1.5980e-01, 3.0000e+01
1, 4, 3.7500e+01, 7.1493e-02, 4.0000e+01
1, 4, 3.7500e+01, -2.9227e-02, 5.5000e+01
1, 4, 3.7500e+01, -1.1710e-01, 7.2000e+01
1, 4, 3.7500e+01, -1.9194e-01, 9.0000e+01
1, 4, 3.7500e+01, -2.2450e-01, 9.9000e+01
1, 4, 3.7500e+01, 3.8330e+00, 1.0000e-03
1, 4, 3.7500e+01, 3.4337e+00, 2.0000e-03
1, 4, 3.7500e+01, 2.9631e+00, 5.0000e-03
1, 4, 3.7500e+01, 2.7446e+00, 8.0000e-03
1, 4, 3.7500e+01, 2.6458e+00, 1.0000e-02
1, 4, 3.7500e+01, 2.4474e+00, 1.6000e-02
1, 4, 3.7500e+01, 2.2409e+00, 2.7000e-02
1, 4, 3.7500e+01, 2.0526e+00, 4.5000e-02
1, 4, 3.7500e+01, 1.8669e+00, 7.7000e-02
1, 4, 3.7500e+01, 1.6965e+00, 1.3000e-01
1, 4, 3.7500e+01, 1.5483e+00, 2.1000e-01
1, 4, 3.7500e+01, 1.3973e+00, 3.5000e-01
1, 4, 3.7500e+01, 1.2440e+00, 6.0000e-01
1, 4, 3.7500e+01, 1.1170e+00, 9.5000e-01
1, 4, 3.7500e+01, 9.5925e-01, 1.7000e+00
1, 4, 3.7500e+01, 8.0663e-01, 3.0000e+00
1, 4, 3.7500e+01, 6.6346e-01, 5.1000e+00
1, 4, 3.7500e+01, 5.3012e-01, 8.3000e+00
1, 4, 3.7500e+01, 4.2715e-01, 1.2000e+01
1, 4, 3.7500e+01, 2.9543e-01, 1.9000e+01
1, 4, 3.7500e+01, 1.5980e-01, 3.0000e+01
1, 4, 3.7500e+01, 7.1493e-02, 4.0000e+01
1, 4, 3.7500e+01, -2.9227e-02, 5.5000e+01
1, 4, 3.7500e+01, -1.1710e-01, 7.2000e+01
1, 4, 3.7500e+01, -1.9194e-01, 9.0000e+01
1, 4, 3.7500e+01, -2.2450e-01, 9.9000e+01
1, 4, 3.7500e+01, 3.8330e+00, 1.0000e-03
1, 4, 3.7500e+01, 3.4337e+00, 2.0000e-03
1, 4, 3.7500e+01, 2.9631e+00, 5.0000e-03
1, 4, 3.7500e+01, 2.7446e+00, 8.0000e-03
1, 4, 3.7500e+01, 2.6458e+00, 1.0000e-02
1, 4, 3.7500e+01, 2.4474e+00, 1.6000e-02
1, 4, 3.7500e+01, 2.2409e+00, 2.7000e-02
1, 4, 3.7500e+01, 2.0526e+00, 4.5000e-02
1, 4, 3.7500e+01, 1.8669e+00, 7.7000e-02
1, 4, 3.7500e+01, 1.6965e+00, 1.3000e-01
1, 4, 3.7500e+01, 1.5483e+00, 2.1000e-01
1, 4, 3.7500e+01, 1.3973e+00, 3.5000e-01
1, 4, 3.7500e+01, 1.2440e+00, 6.0000e-01
1, 4, 3.7500e+01, 1.1170e+00, 9.5000e-01
1, 4, 3.7500e+01, 9.5925e-01, 1.7000e+00
1, 4, 3.7500e+01, 8.0663e-01, 3.0000e+00
1, 4, 3.7500e+01, 6.6346e-01, 5.1000e+00
1, 4, 3.7500e+01, 5.3012e-01, 8.3000e+00
1, 4, 3.7500e+01, 4.2715e-01, 1.2000e+01
1, 4, 3.7500e+01, 2.9543e-01, 1.9000e+01
1, 4, 3.7500e+01, 1.5980e-01, 3.0000e+01
1, 4, 3.7500e+01, 7.1493e-02, 4.0000e+01
1, 4, 3.7500e+01, -2.9227e-02, 5.5000e+01
1, 4, 3.7500e+01, -1.1710e-01, 7.2000e+01
1, 4, 3.7500e+01, -1.9194e-01, 9.0000e+01
1, 4, 3.7500e+01, -2.2450e-01, 9.9000e+01
1, 4, 3.7500e+01, 3.8330e+00, 1.0000e-03
1, 4, 3.7500e+01, 3.4337e+00, 2.0000e-03
1, 4, 3.7500e+01, 2.9631e+00, 5.0000e-03
1, 4, 3.7500e+01, 2.7446e+00, 8.0000e-03
1, 4, 3.7500e+01, 2.6458e+00, 1.0000e-02
1, 4, 3.7500e+01, 2.4474e+00, 1.6000e-02
1, 4, 3.7500e+01, 2.2409e+00, 2.7000e-02
1, 4, 3.7500e+01, 2.0526e+00, 4.5000e-02
1, 4, 3.7500e+01, 1.8669e+00, 7.7000e-02
1, 4, 3.7500e+01, 1.6965e+00, 1.3000e-01
1, 4, 3.7500e+01, 1.5483e+00, 2.1000e-01
1, 4, 3.7500e+01, 1.3973e+00, 3.5000e-01
1, 4, 3.7500e+01, 1.2440e+00, 6.0000e-01
1, 4, 3.7500e+01, 1.1170e+00, 9.5000e-01
1, 4, 3.7500e+01, 9.5925e-01, 1.7000e+00
1, 4, 3.7500e+01, 8.0663e-01, 3.0000e+00
1, 4, 3.7500e+01, 6.6346e-01, 5.1000e+00
1, 4, 3.7500e+01, 5.3012e-01, 8.3000e+00
1, 4, 3.7500e+01, 4.2715e-01, 1.2000e+01
1, 4, 3.7500e+01, 2.9543e-01, 1.9000e+01
1, 4, 3.7500e+01, 1.5980e-01, 3.0000e+01
1, 4, 3.7500e+01, 7.1493e-02, 4.0000e+01
1, 4, 3.7500e+01, -2.9227e-02, 5.5000e+01
1, 4, 3.7500e+01, -1.1710e-01, 7.2000e+01
1, 4, 3.7500e+01, -1.9194e-01, 9.0000e+01
1, 4, 3.7500e+01, -2.2450e-01, 9.9000e+01
1, 4, 3.7500e+01, 3.8330e+00, 1.0000e-03
1, 4, 3.7500e+01, 3.4337e+00, 2.0000e-03
1, 4, 3.7500e+01, 2.9631e+00, 5.0000e-03
1, 4, 3.7500e+01, 2.7446e+00, 8.0000e-03
1, 4, 3.7500e+01, 2.6458e+00, 1.0000e-02
1, 4, 3.7500e+01, 2.4474e+00, 1.6000e-02
1, 4, 3.7500e+01, 2.2409e+00, 2.7000e-02
1, 4, 3.7500e+01, 2.0526e+00, 4.5000e-02
1, 4, 3.7500e+01, 1.8669e+00, 7.7000e-02
1, 4, 3.7500e+01, 1.6965e+00, 1.3000e-01
1, 4, 3.7500e+01, 1.5483e+00, 2.1000e-01
1, 4, 3.7500e+01, 1.3973e+00, 3.5000e-01
1, 4, 3.7500e+01, 1.2440e+00, 6.0000e-01
1, 4, 3.7500e+01, 1.1170e+00, 9.5000e-01
1, 4, 3.7500e+01, 9.5925e-01, 1.7000e+00
1, 4, 3.7500e+01, 8.0663e-01, 3.0000e+00
1, 4, 3.7500e+01, 6.6346e-01, 5.1000e+00
1, 4, 3.7500e+01, 5.3012e-01, 8.3000e+00
1, 4, 3.7500e+01, 4.2715e-01, 1.2000e+01
1, 4, 3.7500e+01, 2.9543e-01, 1.9000e+01
1, 4, 3.7500e+01, 1.5980e-01, 3.0000e+01
1, 4, 3.7500e+01, 7.1493e-02, 4.0000e+01
1, 4, 3.7500e+01, -2.9227e-02, 5.5000e+01
1, 4, 3.7500e+01, -1.1710e-01, 7.2000e+01
1, 4, 3.7500e+01, -1.9194e-01, 9.0000e+01
1, 4, 3.7500e+01, -2.2450e-01, 9.9000e+01
1, 4, 3.7500e+01, 3.8330e+00, 1.0000e-03
1, 4, 3.7500e+01, 3.4337e+00, 2.0000e-03
1, 4, 3.7500e+01, 2.9631e+00, 5.0000e-03
1, 4, 3.7500e+01, 2.7446e+00, 8.0000e-03
1, 4, 3.7500e+01, 2.6458e+00, 1.0000e-02
1, 4, 3.7500e+01, 2.4474e+00, 1.6000e-02
1, 4, 3.7500e+01, 2.2409e+00, 2.7000e-02
1, 4, 3.7500e+01, 2.0526e+00, 4.5000e-02
1, 4, 3.7500e+01, 1.8669e+00, 7.7000e-02
1, 4, 3.7500e+01, 1.6965e+00, 1.3000e-01
1, 4, 3.7500e+01, 1.5483e+00, 2.1000e-01
1, 4, 3.7500e+01, 1.3973e+00, 3.5000e-01
1, 4, 3.7500e+01, 1.2440e+00, 6.0000e-01
1, 4, 3.7500e+01, 1.1170e+00, 9.5000e-01
1, 4, 3.7500e+01, 9.5925e-01, 1.7000e+00
1, 4, 3.7500e+01, 8.0663e-01, 3.0000e+00
1, 4, 3.7500e+01, 6.6346e-01, 5.1000e+00
1, 4, 3.7500e+01, 5.3012e-01, 8.3000e+00
1, 4, 3.7500e+01, 4.2715e-01, 1.2000e+01
1, 4, 3.7500e+01, 2.9543e-01, 1.9000e+01
1, 4, 3.7500e+01, 1.5980e-01, 3.0000e+01
1, 4, 3.7500e+01, 7.1493e-02, 4.0000e+01
1, 4, 3.7500e+01, -2.9227e-02, 5.5000e+01
1, 4, 3.7500e+01, -1.1710e-01, 7.2000e+01
1, 4, 3.7500e+01, -1.9194e-01, 9.0000e+01
1, 4, 3.7500e+01, -2.2450e-01, 9.9000e+01
1, 4, 3.7500e+01, 3.8330e+00, 1.0000e-03
1, 4, 3.7500e+01, 3.4337e+00, 2.0000e-03
1, 4, 3.7500e+01, 2.9631e+00, 5.0000e-03
1, 4, 3.7500e+01, 2.7446e+00, 8.0000e-03
1, 4, 3.7500e+01, 2.6458e+00, 1.0000e-02
1, 4, 3.7500e+01, 2.4474e+00, 1.6000e-02
1, 4, 3.7500e+01, 2.2409e+00, 2.7000e-02
1, 4, 3.7500e+01, 2.0526e+00, 4.5000e-02
1, 4, 3.7500e+01, 1.8669e+00, 7.7000e-02
1, 4, 3.7500e+01, 1.6965e+00, 1.3000e-01
1, 4, 3.7500e+01, 1.5483e+00, 2.1000e-01
1, 4, 3.7500e+01, 1.3973e+00, 3.5000e-01
1, 4, 3.7500e+01, 1.2440e+00, 6.0000e-01
1, 4, 3.7500e+01, 1.1170e+00, 9.5000e-01
1, 4, 3.7500e+01, 9.5925e-01, 1.7000e+00
1, 4, 3.7500e+01, 8.0663e-01, 3.0000e+00
1, 4, 3.7500e+01, 6.6346e-01, 5.1000e+00
1, 4, 3.7500e+01, 5.3012e-01, 8.3000e+00
1, 4, 3.7500e+01, 4.2715e-01, 1.2000e+01
1, 4, 3.7500e+01, 2.9543e-01, 1.9000e+01
1, 4, 3.7500e+01, 1.5980e-01, 3.0000e+01
1, 4, 3.7500e+01, 7.1493e-02, 4.0000e+01
1, 4, 3.7500e+01, -2.9227e-02, 5.5000e+01
1, 4, 3.7500e+01, -1.1710e-01, 7.2000e+01
1, 4, 3.7500e+01, -1.9194e-01, 9.0000e+01
1, 4, 3.7500e+01, -2.2450e-01, 9.9000e+01
1, 4, 3.7500e+01, 3.8330e+00, 1.0000e-03
1, 4, 3.7500e+01, 3.4337e+00, 2.0000e-03
1, 4, 3.7500e+01, 2.9631e+00, 5.0000e-03
1, 4, 3.7500e+01, 2.7446e+00, 8.0000e-03
1, 4, 3.7500e+01, 2.6458e+00, 1.0000e-02
1, 4, 3.7500e+01, 2.4474e+00, 1.6000e-02
1, 4, 3.7500e+01, 2.2409e+00, 2.7000e-02
1, 4, 3.7500e+01, 2.0526e+00, 4.5000e-02
1, 4, 3.7500e+01, 1.8669e+00, 7.7000e-02
1, 4, 3.7500e+01, 1.6965e+00, 1.3000e-01
1, 4, 3.7500e+01, 1.5483e+00, 2.1000e-01
1, 4, 3.7500e+01, 1.3973e+00, 3.5000e-01
1, 4, 3.7500e+01, 1.2440e+00, 6.0000e-01
1, 4, 3.7500e+01, 1.1170e+00, 9.5000e-01
1, 4, 3.7500e+01, 9.5925e-01, 1.7000e+00
1, 4, 3.7500e+01, 8.0663e-01, 3.0000e+00
1, 4, 3.7500e+01, 6.6346e-01, 5.1000e+00
1, 4, 3.7500e+01, 5.3012e-01, 8.3000e+00
1, 4, 3.7500e+01, 4.2715e-01, 1.2000e+01
1, 4, 3.7500e+01, 2.9543e-01, 1.9000e+01
1, 4, 3.7500e+01, 1.5980e-01, 3.0000e+01
1, 4, 3.7500e+01, 7.1493e-02, 4.0000e+01
1, 4, 3.7500e+01, -2.9227e-02, 5.5000e+01
1, 4, 3.7500e+01, -1.1710e-01, 7.2000e+01
1, 4, 3.7500e+01, -1.9194e-01, 9.0000e+01
1, 4, 3.7500e+01, -2.2450e-01, 9.9000e+01
1, 4, 3.7500e+01, 3.8330e+00, 1.0000e-03
1, 4, 3.7500e+01, 3.4337e+00, 2.0000e-03
1, 4, 3.7500e+01, 2.9631e+00, 5.0000e-03
1, 4, 3.7500e+01, 2.7446e+00, 8.0000e-03
1, 4, 3.7500e+01, 2.6458e+00, 1.0000e-02
1, 4, 3.7500e+01, 2.4474e+00, 1.6000e-02
1, 4, 3.7500e+01, 2.2409e+00, 2.7000e-02
1, 4, 3.7500e+01, 2.0526e+00, 4.5000e-02
1, 4, 3.7500e+01, 1.8669e+00, 7.7000e-02
1, 4, 3.7500e+01, 1.6965e+00, 1.3000e-01
1, 4, 3.7500e+01, 1.5483e+00, 2.1000e-01
1, 4, 3.7500e+01, 1.3973e+00, 3.5000e-01
1, 4, 3.7500e+01, 1.2440e+00, 6.0000e-01
1, 4, 3.7500e+01, 1.1170e+00, 9.5000e-01
1, 4, 3.7500e+01, 9.5925e-01, 1.7000e+00
1, 4, 3.7500e+01, 8.0663e-01, 3.0000e+00
1, 4, 3.7500e+01, 6.6346e-01, 5.1000e+00
1, 4, 3.7500e+01, 5.3012e-01, 8.3000e+00
1, 4, 3.7500e+01, 4.2715e-01, 1.2000e+01
1, 4, 3.7500e+01, 2.9543e-01, 1.9000e+01
1, 4, 3.7500e+01, 1.5980e-01, 3.0000e+01
1, 4, 3.7500e+01, 7.1493e-02, 4.0000e+01
1, 4, 3.7500e+01, -2.9227e-02, 5.5000e+01
1, 4, 3.7500e+01, -1.1710e-01, 7.2000e+01
1, 4, 3.7500e+01, -1.9194e-01, 9.0000e+01
1, 4, 3.7500e+01, -2.2450e-01, 9.9000e+01
1, 5, 3.7500e+01, 2.9734e+00, 1.0000e-03
1, 5, 3.7500e+01, 2.6637e+00, 2.0000e-03
1, 5, 3.7500e+01, 2.2986e+00, 5.0000e-03
1, 5, 3.7500e+01, 2.1291e+00, 8.0000e-03
1, 5, 3.7500e+01, 2.0525e+00, 1.0000e-02
1, 5, 3.7500e+01, 1.8986e+00, 1.6000e-02
1, 5, 3.7500e+01, 1.7384e+00, 2.7000e-02
1, 5, 3.7500e+01, 1.5923e+00, 4.5000e-02
1, 5, 3.7500e+01, 1.4482e+00, 7.7000e-02
1, 5, 3.7500e+01, 1.3160e+00, 1.3000e-01
1, 5, 3.7500e+01, 1.2011e+00, 2.1000e-01
1, 5, 3.7500e+01, 1.0840e+00, 3.5000e-01
1, 5, 3.7500e+01, 9.6507e-01, 6.0000e-01
1, 5, 3.7500e+01, 8.6654e-01, 9.5000e-01
1, 5, 3.7500e+01, 7.4415e-01, 1.7000e+00
1, 5, 3.7500e+01, 6.2574e-01, 3.0000e+00
1, 5, 3.7500e+01, 5.1468e-01, 5.1000e+00
1, 5, 3.7500e+01, 4.1124e-01, 8.3000e+00
1, 5, 3.7500e+01, 3.3137e-01, 1.2000e+01
1, 5, 3.7500e+01, 2.2918e-01, 1.9000e+01
1, 5, 3.7500e+01, 1.2396e-01, 3.0000e+01
1, 5, 3.7500e+01, 5.5461e-02, 4.0000e+01
1, 5, 3.7500e+01, -2.2673e-02, 5.5000e+01
1, 5, 3.7500e+01, -9.0843e-02, 7.2000e+01
1, 5, 3.7500e+01, -1.4890e-01, 9.0000e+01
1, 5, 3.7500e+01, -1.7416e-01, 9.9000e+01
1, 5, 3.7500e+01, 2.9734e+00, 1.0000e-03
1, 5, 3.7500e+01, 2.6637e+00, 2.0000e-03
1, 5, 3.7500e+01, 2.2986e+00, 5.0000e-03
1, 5, 3.7500e+01, 2.1291e+00, 8.0000e-03
1, 5, 3.7500e+01, 2.0525e+00, 1.0000e-02
1, 5, 3.7500e+01, 1.8986e+00, 1.6000e-02
1, 5, 3.7500e+01, 1.7384e+00, 2.7000e-02
1, 5, 3.7500e+01, 1.5923e+00, 4.5000e-02
1, 5, 3.7500e+01, 1.4482e+00, 7.7000e-02
1, 5, 3.7500e+01, 1.3160e+00, 1.3000e-01
1, 5, 3.7500e+01, 1.2011e+00, 2.1000e-01
1, 5, 3.7500e+01, 1.0840e+00, 3.5000e-01
1, 5, 3.7500e+01, 9.6507e-01, 6.0000e-01
1, 5, 3.7500e+01, 8.6654e-01, 9.5000e-01
1, 5, 3.7500e+01, 7.4415e-01, 1.7000e+00
1, 5, 3.7500e+01, 6.2574e-01, 3.0000e+00
1, 5, 3.7500e+01, 5.1468e-01, 5.1000e+00
1, 5, 3.7500e+01, 4.1124e-01, 8.3000e+00
1, 5, 3.7500e+01, 3.3137e-01, 1.2000e+01
1, 5, 3.7500e+01, 2.2918e-01, 1.9000e+01
1, 5, 3.7500e+01, 1.2396e-01, 3.0000e+01
1, 5, 3.7500e+01, 5.5461e-02, 4.0000e+01
1, 5, 3.7500e+01, -2.2673e-02, 5.5000e+01
1, 5, 3.7500e+01, -9.0843e-02, 7.2000e+01
1, 5, 3.7500e+01, -1.4890e-01, 9.0000e+01
1, 5, 3.7500e+01, -1.7416e-01, 9.9000e+01
1, 5, 3.7500e+01, 2.9734e+00, 1.0000e-03
1, 5, 3.7500e+01, 2.6637e+00, 2.0000e-03
1, 5, 3.7500e+01, 2.2986e+00, 5.0000e-03
1, 5, 3.7500e+01, 2.1291e+00, 8.0000e-03
1, 5, 3.7500e+01, 2.0525e+00, 1.0000e-02
1, 5, 3.7500e+01, 1.8986e+00, 1.6000e-02
1, 5, 3.7500e+01, 1.7384e+00, 2.7000e-02
1, 5, 3.7500e+01, 1.5923e+00, 4.5000e-02
1, 5, 3.7500e+01, 1.4482e+00, 7.7000e-02
1, 5, 3.7500e+01, 1.3160e+00, 1.3000e-01
1, 5, 3.7500e+01, 1.2011e+00, 2.1000e-01
1, 5, 3.7500e+01, 1.0840e+00, 3.5000e-01
1, 5, 3.7500e+01, 9.6507e-01, 6.0000e-01
1, 5, 3.7500e+01, 8.6654e-01, 9.5000e-01
1, 5, 3.7500e+01, 7.4415e-01, 1.7000e+00
1, 5, 3.7500e+01, 6.2574e-01, 3.0000e+00
1, 5, 3.7500e+01, 5.1468e-01, 5.1000e+00
1, 5, 3.7500e+01, 4.1124e-01, 8.3000e+00
1, 5, 3.7500e+01, 3.3137e-01, 1.2000e+01
1, 5, 3.7500e+01, 2.2918e-01, 1.9000e+01
1, 5, 3.7500e+01, 1.2396e-01, 3.0000e+01
1, 5, 3.7500e+01, 5.5461e-02, 4.0000e+01
1, 5, 3.7500e+01, -2.2673e-02, 5.5000e+01
1, 5, 3.7500e+01, -9.0843e-02, 7.2000e+01
1, 5, 3.7500e+01, -1.4890e-01, 9.0000e+01
1, 5, 3.7500e+01, -1.7416e-01, 9.9000e+01
1, 5, 3.7500e+01, 2.9734e+00, 1.0000e-03
1, 5, 3.7500e+01, 2.6637e+00, 2.0000e-03
1, 5, 3.7500e+01, 2.2986e+00, 5.0000e-03
1, 5, 3.7500e+01, 2.1291e+00, 8.0000e-03
1, 5, 3.7500e+01, 2.0525e+00, 1.0000e-02
1, 5, 3.7500e+01, 1.8986e+00, 1.6000e-02
1, 5, 3.7500e+01, 1.7384e+00, 2.7000e-02
1, 5, 3.7500e+01, 1.5923e+00, 4.5000e-02
1, 5, 3.7500e+01, 1.4482e+00, 7.7000e-02
1, 5, 3.7500e+01, 1.3160e+00, 1.3000e-01
1, 5, 3.7500e+01, 1.2011e+00, 2.1000e-01
1, 5, 3.7500e+01, 1.0840e+00, 3.5000e-01
1, 5, 3.7500e+01, 9.6507e-01, 6.0000e-01
1, 5, 3.7500e+01, 8.6654e-01, 9.5000e-01
1, 5, 3.7500e+01, 7.4415e-01, 1.7000e+00
1, 5, 3.7500e+01, 6.2574e-01, 3.0000e+00
1, 5, 3.7500e+01, 5.1468e-01, 5.1000e+00
1, 5, 3.7500e+01, 4.1124e-01, 8.3000e+00
1, 5, 3.7500e+01, 3.3137e-01, 1.2000e+01
1, 5, 3.7500e+01, 2.2918e-01, 1.9000e+01
1, 5, 3.7500e+01, 1.2396e-01, 3.0000e+01
1, 5, 3.7500e+01, 5.5461e-02, 4.0000e+01
1, 5, 3.7500e+01, -2.2673e-02, 5.5000e+01
1, 5, 3.7500e+01, -9.0843e-02, 7.2000e+01
1, 5, 3.7500e+01, -1.4890e-01, 9.0000e+01
1, 5, 3.7500e+01, -1.7416e-01, 9.9000e+01
1, 5, 3.7500e+01, 2.9734e+00, 1.0000e-03
1, 5, 3.7500e+01, 2.6637e+00, 2.0000e-03
1, 5, 3.7500e+01, 2.2986e+00, 5.0000e-03
1, 5, 3.7500e+01, 2.1291e+00, 8.0000e-03
1, 5, 3.7500e+01, 2.0525e+00, 1.0000e-02
1, 5, 3.7500e+01, 1.8986e+00, 1.6000e-02
1, 5, 3.7500e+01, 1.7384e+00, 2.7000e-02
1, 5, 3.7500e+01, 1.5923e+00, 4.5000e-02
1, 5, 3.7500e+01, 1.4482e+00, 7.7000e-02
1, 5, 3.7500e+01, 1.3160e+00, 1.3000e-01
1, 5, 3.7500e+01, 1.2011e+00, 2.1000e-01
1, 5, 3.7500e+01, 1.0840e+00, 3.5000e-01
1, 5, 3.7500e+01, 9.6507e-01, 6.0000e-01
1, 5, 3.7500e+01, 8.6654e-01, 9.5000e-01
1, 5, 3.7500e+01, 7.4415e-01, 1.7000e+00
1, 5, 3.7500e+01, 6.2574e-01, 3.0000e+00
1, 5, 3.7500e+01, 5.1468e-01, 5.1000e+00
1, 5, 3.7500e+01, 4.1124e-01, 8.3000e+00
1, 5, 3.7500e+01, 3.3137e-01, 1.2000e+01
1, 5, 3.7500e+01, 2.2918e-01, 1.9000e+01
1, 5, 3.7500e+01, 1.2396e-01, 3.0000e+01
1, 5, 3.7500e+01, 5.5461e-02, 4.0000e+01
1, 5, 3.7500e+01, -2.2673e-02, 5.5000e+01
1, 5, 3.7500e+01, -9.0843e-02, 7.2000e+01
1, 5, 3.7500e+01, -1.4890e-01, 9.0000e+01
1, 5, 3.7500e+01, -1.7416e-01, 9.9000e+01
1, 5, 3.7500e+01, 2.9734e+00, 1.0000e-03
1, 5, 3.7500e+01, 2.6637e+00, 2.0000e-03
1, 5, 3.7500e+01, 2.2986e+00, 5.0000e-03
1, 5, 3.7500e+01, 2.1291e+00, 8.0000e-03
1, 5, 3.7500e+01, 2.0525e+00, 1.0000e-02
1, 5, 3.7500e+01, 1.8986e+00, 1.6000e-02
1, 5, 3.7500e+01, 1.7384e+00, 2.7000e-02
1, 5, 3.7500e+01, 1.5923e+00, 4.5000e-02
1, 5, 3.7500e+01, 1.4482e+00, 7.7000e-02
1, 5, 3.7500e+01, 1.3160e+00, 1.3000e-01
1, 5, 3.7500e+01, 1.2011e+00, 2.1000e-01
1, 5, 3.7500e+01, 1.0840e+00, 3.5000e-01
1, 5, 3.7500e+01, 9.6507e-01, 6.0000e-01
1, 5, 3.7500e+01, 8.6654e-01, 9.5000e-01
1, 5, 3.7500e+01, 7.4415e-01, 1.7000e+00
1, 5, 3.7500e+01, 6.2574e-01, 3.0000e+00
1, 5, 3.7500e+01, 5.1468e-01, 5.1000e+00
1, 5, 3.7500e+01, 4.1124e-01, 8.3000e+00
1, 5, 3.7500e+01, 3.3137e-01, 1.2000e+01
1, 5, 3.7500e+01, 2.2918e-01, 1.9000e+01
1, 5, 3.7500e+01, 1.2396e-01, 3.0000e+01
1, 5, 3.7500e+01, 5.5461e-02, 4.0000e+01
1, 5, 3.7500e+01, -2.2673e-02, 5.5000e+01
1, 5, 3.7500e+01, -9.0843e-02, 7.2000e+01
1, 5, 3.7500e+01, -1.4890e-01, 9.0000e+01
1, 5, 3.7500e+01, -1.7416e-01, 9.9000e+01
1, 5, 3.7500e+01, 2.9734e+00, 1.0000e-03
1, 5, 3.7500e+01, 2.6637e+00, 2.0000e-03
1, 5, 3.7500e+01, 2.2986e+00, 5.0000e-03
1, 5, 3.7500e+01, 2.1291e+00, 8.0000e-03
1, 5, 3.7500e+01, 2.0525e+00, 1.0000e-02
1, 5, 3.7500e+01, 1.8986e+00, 1.6000e-02
1, 5, 3.7500e+01, 1.7384e+00, 2.7000e-02
1, 5, 3.7500e+01, 1.5923e+00, 4.5000e-02
1, 5, 3.7500e+01, 1.4482e+00, 7.7000e-02
1, 5, 3.7500e+01, 1.3160e+00, 1.3000e-01
1, 5, 3.7500e+01, 1.2011e+00, 2.1000e-01
1, 5, 3.7500e+01, 1.0840e+00, 3.5000e-01
1, 5, 3.7500e+01, 9.6507e-01, 6.0000e-01
1, 5, 3.7500e+01, 8.6654e-01, 9.5000e-01
1, 5, 3.7500e+01, 7.4415e-01, 1.7000e+00
1, 5, 3.7500e+01, 6.2574e-01, 3.0000e+00
1, 5, 3.7500e+01, 5.1468e-01, 5.1000e+00
1, 5, 3.7500e+01, 4.1124e-01, 8.3000e+00
1, 5, 3.7500e+01, 3.3137e-01, 1.2000e+01
1, 5, 3.7500e+01, 2.2918e-01, 1.9000e+01
1, 5, 3.7500e+01, 1.2396e-01, 3.0000e+01
1, 5, 3.7500e+01, 5.5461e-02, 4.0000e+01
1, 5, 3.7500e+01, -2.2673e-02, 5.5000e+01
1, 5, 3.7500e+01, -9.0843e-02, 7.2000e+01
1, 5, 3.7500e+01, -1.4890e-01, 9.0000e+01
1, 5, 3.7500e+01, -1.7416e-01, 9.9000e+01
1, 5, 3.7500e+01, 2.9734e+00, 1.0000e-03
1, 5, 3.7500e+01, 2.6637e+00, 2.0000e-03
1, 5, 3.7500e+01, 2.2986e+00, 5.0000e-03
1, 5, 3.7500e+01, 2.1291e+00, 8.0000e-03
1, 5, 3.7500e+01, 2.0525e+00, 1.0000e-02
1, 5, 3.7500e+01, 1.8986e+00, 1.6000e-02
1, 5, 3.7500e+01, 1.7384e+00, 2.7000e-02
1, 5, 3.7500e+01, 1.5923e+00, 4.5000e-02
1, 5, 3.7500e+01, 1.4482e+00, 7.7000e-02
1, 5, 3.7500e+01, 1.3160e+00, 1.3000e-01
1, 5, 3.7500e+01, 1.2011e+00, 2.1000e-01
1, 5, 3.7500e+01, 1.0840e+00, 3.5000e-01
1, 5, 3.7500e+01, 9.6507e-01, 6.0000e-01
1, 5, 3.7500e+01, 8.6654e-01, 9.5000e-01
1, 5, 3.7500e+01, 7.4415e-01, 1.7000e+00
1, 5, 3.7500e+01, 6.2574e-01, 3.0000e+00
1, 5, 3.7500e+01, 5.1468e-01, 5.1000e+00
1, 5, 3.7500e+01, 4.1124e-01, 8.3000e+00
1, 5, 3.7500e+01, 3.3137e-01, 1.2000e+01
1, 5, 3.7500e+01, 2.2918e-01, 1.9000e+01
1, 5, 3.7500e+01, 1.2396e-01, 3.0000e+01
1, 5, 3.7500e+01, 5.5461e-02, 4.0000e+01
1, 5, 3.7500e+01, -2.2673e-02, 5.5000e+01
1, 5, 3.7500e+01, -9.0843e-02, 7.2000e+01
1, 5, 3.7500e+01, -1.4890e-01, 9.0000e+01
1, 5, 3.7500e+01, -1.7416e-01, 9.9000e+01
1, 5, 3.7500e+01, 2.9734e+00, 1.0000e-03
1, 5, 3.7500e+01, 2.6637e+00, 2.0000e-03
1, 5, 3.7500e+01, 2.2986e+00, 5.0000e-03
1, 5, 3.7500e+01, 2.1291e+00, 8.0000e-03
1, 5, 3.7500e+01, 2.0525e+00, 1.0000e-02
1, 5, 3.7500e+01, 1.8986e+00, 1.6000e-02
1, 5, 3.7500e+01, 1.7384e+00, 2.7000e-02
1, 5, 3.7500e+01, 1.5923e+00, 4.5000e-02
1, 5, 3.7500e+01, 1.4482e+00, 7.7000e-02
1, 5, 3.7500e+01, 1.3160e+00, 1.3000e-01
1, 5, 3.7500e+01, 1.2011e+00, 2.1000e-01
1, 5, 3.7500e+01, 1.0840e+00, 3.5000e-01
1, 5, 3.7500e+01, 9.6507e-01, 6.0000e-01
1, 5, 3.7500e+01, 8.6654e-01, 9.5000e-01
1, 5, 3.7500e+01, 7.4415e-01, 1.7000e+00
1, 5, 3.7500e+01, 6.2574e-01, 3.0000e+00
1, 5, 3.7500e+01, 5.1468e-01, 5.1000e+00
1, 5, 3.7500e+01, 4.1124e-01, 8.3000e+00
1, 5, 3.7500e+01, 3.3137e-01, 1.2000e+01
1, 5, 3.7500e+01, 2.2918e-01, 1.9000e+01
1, 5, 3.7500e+01, 1.2396e-01, 3.0000e+01
1, 5, 3.7500e+01, 5.5461e-02, 4.0000e+01
1, 5, 3.7500e+01, -2.2673e-02, 5.5000e+01
1, 5, 3.7500e+01, -9.0843e-02, 7.2000e+01
1, 5, 3.7500e+01, -1.4890e-01, 9.0000e+01
1, 5, 3.7500e+01, -1.7416e-01, 9.9000e+01
1, 5, 3.7500e+01, 2.9734e+00, 1.0000e-03
1, 5, 3.7500e+01, 2.6637e+00, 2.0000e-03
1, 5, 3.7500e+01, 2.2986e+00, 5.0000e-03
1, 5, 3.7500e+01, 2.1291e+00, 8.0000e-03
1, 5, 3.7500e+01, 2.0525e+00, 1.0000e-02
1, 5, 3.7500e+01, 1.8986e+00, 1.6000e-02
1, 5, 3.7500e+01, 1.7384e+00, 2.7000e-02
1, 5, 3.7500e+01, 1.5923e+00, 4.5000e-02
1, 5, 3.7500e+01, 1.4482e+00, 7.7000e-02
1, 5, 3.7500e+01, 1.3160e+00, 1.3000e-01
1, 5, 3.7500e+01, 1.2011e+00, 2.1000e-01
1, 5, 3.7500e+01, 1.0840e+00, 3.5000e-01
1, 5, 3.7500e+01, 9.6507e-01, 6.0000e-01
1, 5, 3.7500e+01, 8.6654e-01, 9.5000e-01
1, 5, 3.7500e+01, 7.4415e-01, 1.7000e+00
1, 5, 3.7500e+01, 6.2574e-01, 3.0000e+00
1, 5, 3.7500e+01, 5.1468e-01, 5.1000e+00
1, 5, 3.7500e+01, 4.1124e-01, 8.3000e+00
1, 5, 3.7500e+01, 3.3137e-01, 1.2000e+01
1, 5, 3.7500e+01, 2.2918e-01, 1.9000e+01
1, 5, 3.7500e+01, 1.2396e-01, 3.0000e+01
1, 5, 3.7500e+01, 5.5461e-02, 4.0000e+01
1, 5, 3.7500e+01, -2.2673e-02, 5.5000e+01
1, 5, 3.7500e+01, -9.0843e-02, 7.2000e+01
1, 5, 3.7500e+01, -1.4890e-01, 9.0000e+01
1, 5, 3.7500e+01, -1.7416e-01, 9.9000e+01
1, 5, 3.7500e+01, 2.9734e+00, 1.0000e-03
1, 5, 3.7500e+01, 2.6637e+00, 2.0000e-03
1, 5, 3.7500e+01, 2.2986e+00, 5.0000e-03
1, 5, 3.7500e+01, 2.1291e+00, 8.0000e-03
1, 5, 3.7500e+01, 2.0525e+00, 1.0000e-02
1, 5, 3.7500e+01, 1.8986e+00, 1.6000e-02
1, 5, 3.7500e+01, 1.7384e+00, 2.7000e-02
1, 5, 3.7500e+01, 1.5923e+00, 4.5000e-02
1, 5, 3.7500e+01, 1.4482e+00, 7.7000e-02
1, 5, 3.7500e+01, 1.3160e+00, 1.3000e-01
1, 5, 3.7500e+01, 1.2011e+00, 2.1000e-01
1, 5, 3.7500e+01, 1.0840e+00, 3.5000e-01
1, 5, 3.7500e+01, 9.6507e-01, 6.0000e-01
1, 5, 3.7500e+01, 8.6654e-01, 9.5000e-01
1, 5, 3.7500e+01, 7.4415e-01, 1.7000e+00
1, 5, 3.7500e+01, 6.2574e-01, 3.0000e+00
1, 5, 3.7500e+01, 5.1468e-01, 5.1000e+00
1, 5, 3.7500e+01, 4.1124e-01, 8.3000e+00
1, 5, 3.7500e+01, 3.3137e-01, 1.2000e+01
1, 5, 3.7500e+01, 2.2918e-01, 1.9000e+01
1, 5, 3.7500e+01, 1.2396e-01, 3.0000e+01
1, 5, 3.7500e+01, 5.5461e-02, 4.0000e+01
1, 5, 3.7500e+01, -2.2673e-02, 5.5000e+01
1, 5, 3.7500e+01, -9.0843e-02, 7.2000e+01
1, 5, 3.7500e+01, -1.4890e-01, 9.0000e+01
1, 5, 3.7500e+01, -1.7416e-01, 9.9000e+01
1, 5, 3.7500e+01, 2.9734e+00, 1.0000e-03
1, 5, 3.7500e+01, 2.6637e+00, 2.0000e-03
1, 5, 3.7500e+01, 2.2986e+00, 5.0000e-03
1, 5, 3.7500e+01, 2.1291e+00, 8.0000e-03
1, 5, 3.7500e+01, 2.0525e+00, 1.0000e-02
1, 5, 3.7500e+01, 1.8986e+00, 1.6000e-02
1, 5, 3.7500e+01, 1.7384e+00, 2.7000e-02
1, 5, 3.7500e+01, 1.5923e+00, 4.5000e-02
1, 5, 3.7500e+01, 1.4482e+00, 7.7000e-02
1, 5, 3.7500e+01, 1.3160e+00, 1.3000e-01
1, 5, 3.7500e+01, 1.2011e+00, 2.1000e-01
1, 5, 3.7500e+01, 1.0840e+00, 3.5000e-01
1, 5, 3.7500e+01, 9.6507e-01, 6.0000e-01
1, 5, 3.7500e+01, 8.6654e-01, 9.5000e-01
1, 5, 3.7500e+01, 7.4415e-01, 1.7000e+00
1, 5, 3.7500e+01, 6.2574e-01, 3.0000e+00
1, 5, 3.7500e+01, 5.1468e-01, 5.1000e+00
1, 5, 3.7500e+01, 4.1124e-01, 8.3000e+00
1, 5, 3.7500e+01, 3.3137e-01, 1.2000e+01
1, 5, 3.7500e+01, 2.2918e-01, 1.9000e+01
1, 5, 3.7500e+01, 1.2396e-01, 3.0000e+01
1, 5, 3.7500e+01, 5.5461e-02, 4.0000e+01
1, 5, 3.7500e+01, -2.2673e-02, 5.5000e+01
1, 5, 3.7500e+01, -9.0843e-02, 7.2000e+01
1, 5, 3.7500e+01, -1.4890e-01, 9.0000e+01
1, 5, 3.7500e+01, -1.7416e-01, 9.9000e+01
1, 5, 3.7500e+01, 2.9734e+00, 1.0000e-03
1, 5, 3.7500e+01, 2.6637e+00, 2.0000e-03
1, 5, 3.7500e+01, 2.2986e+00, 5.0000e-03
1, 5, 3.7500e+01, 2.1291e+00, 8.0000e-03
1, 5, 3.7500e+01, 2.0525e+00, 1.0000e-02
1, 5, 3.7500e+01, 1.8986e+00, 1.6000e-02
1, 5, 3.7500e+01, 1.7384e+00, 2.7000e-02
1, 5, 3.7500e+01, 1.5923e+00, 4.5000e-02
1, 5, 3.7500e+01, 1.4482e+00, 7.7000e-02
1, 5, 3.7500e+01, 1.3160e+00, 1.3000e-01
1, 5, 3.7500e+01, 1.2011e+00, 2.1000e-01
1, 5, 3.7500e+01, 1.0840e+00, 3.5000e-01
1, 5, 3.7500e+01, 9.6507e-01, 6.0000e-01
1, 5, 3.7500e+01, 8.6654e-01, 9.5000e-01
1, 5, 3.7500e+01, 7.4415e-01, 1.7000e+00
1, 5, 3.7500e+01, 6.2574e-01, 3.0000e+00
1, 5, 3.7500e+01, 5.1468e-01, 5.1000e+00
1, 5, 3.7500e+01, 4.1124e-01, 8.3000e+00
1, 5, 3.7500e+01, 3.3137e-01, 1.2000e+01
1, 5, 3.7500e+01, 2.2918e-01, 1.9000e+01
1, 5, 3.7500e+01, 1.2396e-01, 3.0000e+01
1, 5, 3.7500e+01, 5.5461e-02, 4.0000e+01
1, 5, 3.7500e+01, -2.2673e-02, 5.5000e+01
1, 5, 3.7500e+01, -9.0843e-02, 7.2000e+01
1, 5, 3.7500e+01, -1.4890e-01, 9.0000e+01
1, 5, 3.7500e+01, -1.7416e-01, 9.9000e+01
1, 5, 3.7500e+01, 2.9734e+00, 1.0000e-03
1, 5, 3.7500e+01, 2.6637e+00, 2.0000e-03
1, 5, 3.7500e+01, 2.2986e+00, 5.0000e-03
1, 5, 3.7500e+01, 2.1291e+00, 8.0000e-03
1, 5, 3.7500e+01, 2.0525e+00, 1.0000e-02
1, 5, 3.7500e+01, 1.8986e+00, 1.6000e-02
1, 5, 3.7500e+01, 1.7384e+00, 2.7000e-02
1, 5, 3.7500e+01, 1.5923e+00, 4.5000e-02
1, 5, 3.7500e+01, 1.4482e+00, 7.7000e-02
1, 5, 3.7500e+01, 1.3160e+00, 1.3000e-01
1, 5, 3.7500e+01, 1.2011e+00, 2.1000e-01
1, 5, 3.7500e+01, 1.0840e+00, 3.5000e-01
1, 5, 3.7500e+01, 9.6507e-01, 6.0000e-01
1, 5, 3.7500e+01, 8.6654e-01, 9.5000e-01
1, 5, 3.7500e+01, 7.4415e-01, 1.7000e+00
1, 5, 3.7500e+01, 6.2574e-01, 3.0000e+00
1, 5, 3.7500e+01, 5.1468e-01, 5.1000e+00
1, 5, 3.7500e+01, 4.1124e-01, 8.3000e+00
1, 5, 3.7500e+01, 3.3137e-01, 1.2000e+01
1, 5, 3.7500e+01, 2.2918e-01, 1.9000e+01
1, 5, 3.7500e+01, 1.2396e-01, 3.0000e+01
1, 5, 3.7500e+01, 5.5461e-02, 4.0000e+01
1, 5, 3.7500e+01, -2.2673e-02, 5.5000e+01
1, 5, 3.7500e+01, -9.0843e-02, 7.2000e+01
1, 5, 3.7500e+01, -1.4890e-01, 9.0000e+01
1, 5, 3.7500e+01, -1.7416e-01, 9.9000e+01
1, 5, 3.7500e+01, 2.9734e+00, 1.0000e-03
1, 5, 3.7500e+01, 2.6637e+00, 2.0000e-03
1, 5, 3.7500e+01, 2.2986e+00, 5.0000e-03
1, 5, 3.7500e+01, 2.1291e+00, 8.0000e-03
1, 5, 3.7500e+01, 2.0525e+00, 1.0000e-02
1, 5, 3.7500e+01, 1.8986e+00, 1.6000e-02
1, 5, 3.7500e+01, 1.7384e+00, 2.7000e-02
1, 5, 3.7500e+01, 1.5923e+00, 4.5000e-02
1, 5, 3.7500e+01, 1.4482e+00, 7.7000e-02
1, 5, 3.7500e+01, 1.3160e+00, 1.3000e-01
1, 5, 3.7500e+01, 1.2011e+00, 2.1000e-01
1, 5, 3.7500e+01, 1.0840e+00, 3.5000e-01
1, 5, 3.7500e+01, 9.6507e-01, 6.0000e-01
1, 5, 3.7500e+01, 8.6654e-01, 9.5000e-01
1, 5, 3.7500e+01, 7.4415e-01, 1.7000e+00
1, 5, 3.7500e+01, 6.2574e-01, 3.0000e+00
1, 5, 3.7500e+01, 5.1468e-01, 5.1000e+00
1, 5, 3.7500e+01, 4.1124e-01, 8.3000e+00
1, 5, 3.7500e+01, 3.3137e-01, 1.2000e+01
1, 5, 3.7500e+01, 2.2918e-01, 1.9000e+01
1, 5, 3.7500e+01, 1.2396e-01, 3.0000e+01
1, 5, 3.7500e+01, 5.5461e-02, 4.0000e+01
1, 5, 3.7500e+01, -2.2673e-02, 5.5000e+01
1, 5, 3.7500e+01, -9.0843e-02, 7.2000e+01
1, 5, 3.7500e+01, -1.4890e-01, 9.0000e+01
1, 5, 3.7500e+01, -1.7416e-01, 9.9000e+01
1, 5, 3.7500e+01, 2.9734e+00, 1.0000e-03
1, 5, 3.7500e+01, 2.6637e+00, 2.0000e-03
1, 5, 3.7500e+01, 2.2986e+00, 5.0000e-03
1, 5, 3.7500e+01, 2.1291e+00, 8.0000e-03
1, 5, 3.7500e+01, 2.0525e+00, 1.0000e-02
1, 5, 3.7500e+01, 1.8986e+00, 1.6000e-02
1, 5, 3.7500e+01, 1.7384e+00, 2.7000e-02
1, 5, 3.7500e+01, 1.5923e+00, 4.5000e-02
1, 5, 3.7500e+01, 1.4482e+00, 7.7000e-02
1, 5, 3.7500e+01, 1.3160e+00, 1.3000e-01
1, 5, 3.7500e+01, 1.2011e+00, 2.1000e-01
1, 5, 3.7500e+01, 1.0840e+00, 3.5000e-01
1, 5, 3.7500e+01, 9.6507e-01, 6.0000e-01
1, 5, 3.7500e+01, 8.6654e-01, 9.5000e-01
1, 5, 3.7500e+01, 7.4415e-01, 1.7000e+00
1, 5, 3.7500e+01, 6.2574e-01, 3.0000e+00
1, 5, 3.7500e+01, 5.1468e-01, 5.1000e+00
1, 5, 3.7500e+01, 4.1124e-01, 8.3000e+00
1, 5, 3.7500e+01, 3.3137e-01, 1.2000e+01
1, 5, 3.7500e+01, 2.2918e-01, 1.9000e+01
1, 5, 3.7500e+01, 1.2396e-01, 3.0000e+01
1, 5, 3.7500e+01, 5.5461e-02, 4.0000e+01
1, 5, 3.7500e+01, -2.2673e-02, 5.5000e+01
1, 5, 3.7500e+01, -9.0843e-02, 7.2000e+01
1, 5, 3.7500e+01, -1.4890e-01, 9.0000e+01
1, 5, 3.7500e+01, -1.7416e-01, 9.9000e+01
1, 5, 3.7500e+01, 2.9734e+00, 1.0000e-03
1, 5, 3.7500e+01, 2.6637e+00, 2.0000e-03
1, 5, 3.7500e+01, 2.2986e+00, 5.0000e-03
1, 5, 3.7500e+01, 2.1291e+00, 8.0000e-03
1, 5, 3.7500e+01, 2.0525e+00, 1.0000e-02
1, 5, 3.7500e+01, 1.8986e+00, 1.6000e-02
1, 5, 3.7500e+01, 1.7384e+00, 2.7000e-02
1, 5, 3.7500e+01, 1.5923e+00, 4.5000e-02
1, 5, 3.7500e+01, 1.4482e+00, 7.7000e-02
1, 5, 3.7500e+01, 1.3160e+00, 1.3000e-01
1, 5, 3.7500e+01, 1.2011e+00, 2.1000e-01
1, 5, 3.7500e+01, 1.0840e+00, 3.5000e-01
1, 5, 3.7500e+01, 9.6507e-01, 6.0000e-01
1, 5, 3.7500e+01, 8.6654e-01, 9.5000e-01
1, 5, 3.7500e+01, 7.4415e-01, 1.7000e+00
1, 5, 3.7500e+01, 6.2574e-01, 3.0000e+00
1, 5, 3.7500e+01, 5.1468e-01, 5.1000e+00
1, 5, 3.7500e+01, 4.1124e-01, 8.3000e+00
1, 5, 3.7500e+01, 3.3137e-01, 1.2000e+01
1, 5, 3.7500e+01, 2.2918e-01, 1.9000e+01
1, 5, 3.7500e+01, 1.2396e-01, 3.0000e+01
1, 5, 3.7500e+01, 5.5461e-02, 4.0000e+01
1, 5, 3.7500e+01, -2.2673e-02, 5.5000e+01
1, 5, 3.7500e+01, -9.0843e-02, 7.2000e+01
1, 5, 3.7500e+01, -1.4890e-01, 9.0000e+01
1, 5, 3.7500e+01, -1.7416e-01, 9.9000e+01
1, 5, 3.7500e+01, 2.9734e+00, 1.0000e-03
1, 5, 3.7500e+01, 2.6637e+00, 2.0000e-03
1, 5, 3.7500e+01, 2.2986e+00, 5.0000e-03
1, 5, 3.7500e+01, 2.1291e+00, 8.0000e-03
1, 5, 3.7500e+01, 2.0525e+00, 1.0000e-02
1, 5, 3.7500e+01, 1.8986e+00, 1.6000e-02
1, 5, 3.7500e+01, 1.7384e+00, 2.7000e-02
1, 5, 3.7500e+01, 1.5923e+00, 4.5000e-02
1, 5, 3.7500e+01, 1.4482e+00, 7.7000e-02
1, 5, 3.7500e+01, 1.3160e+00, 1.3000e-01
1, 5, 3.7500e+01, 1.2011e+00, 2.1000e-01
1, 5, 3.7500e+01, 1.0840e+00, 3.5000e-01
1, 5, 3.7500e+01, 9.6507e-01, 6.0000e-01
1, 5, 3.7500e+01, 8.6654e-01, 9.5000e-01
1, 5, 3.7500e+01, 7.4415e-01, 1.7000e+00
1, 5, 3.7500e+01, 6.2574e-01, 3.0000e+00
1, 5, 3.7500e+01, 5.1468e-01, 5.1000e+00
1, 5, 3.7500e+01, 4.1124e-01, 8.3000e+00
1, 5, 3.7500e+01, 3.3137e-01, 1.2000e+01
1, 5, 3.7500e+01, 2.2918e-01, 1.9000e+01
1, 5, 3.7500e+01, 1.2396e-01, 3.0000e+01
1, 5, 3.7500e+01, 5.5461e-02, 4.0000e+01
1, 5, 3.7500e+01, -2.2673e-02, 5.5000e+01
1, 5, 3.7500e+01, -9.0843e-02, 7.2000e+01
1, 5, 3.7500e+01, -1.4890e-01, 9.0000e+01
1, 5, 3.7500e+01, -1.7416e-01, 9.9000e+01
1, 5, 3.7500e+01, 2.9734e+00, 1.0000e-03
1, 5, 3.7500e+01, 2.6637e+00, 2.0000e-03
1, 5, 3.7500e+01, 2.2986e+00, 5.0000e-03
1, 5, 3.7500e+01, 2.1291e+00, 8.0000e-03
1, 5, 3.7500e+01, 2.0525e+00, 1.0000e-02
1, 5, 3.7500e+01, 1.8986e+00, 1.6000e-02
1, 5, 3.7500e+01, 1.7384e+00, 2.7000e-02
1, 5, 3.7500e+01, 1.5923e+00, 4.5000e-02
1, 5, 3.7500e+01, 1.4482e+00, 7.7000e-02
1, 5, 3.7500e+01, 1.3160e+00, 1.3000e-01
1, 5, 3.7500e+01, 1.2011e+00, 2.1000e-01
1, 5, 3.7500e+01, 1.0840e+00, 3.5000e-01
1, 5, 3.7500e+01, 9.6507e-01, 6.0000e-01
1, 5, 3.7500e+01, 8.6654e-01, 9.5000e-01
1, 5, 3.7500e+01, 7.4415e-01, 1.7000e+00
1, 5, 3.7500e+01, 6.2574e-01, 3.0000e+00
1, 5, 3.7500e+01, 5.1468e-01, 5.1000e+00
1, 5, 3.7500e+01, 4.1124e-01, 8.3000e+00
1, 5, 3.7500e+01, 3.3137e-01, 1.2000e+01
1, 5, 3.7500e+01, 2.2918e-01, 1.9000e+01
1, 5, 3.7500e+01, 1.2396e-01, 3.0000e+01
1, 5, 3.7500e+01, 5.5461e-02, 4.0000e+01
1, 5, 3.7500e+01, -2.2673e-02, 5.5000e+01
1, 5, 3.7500e+01, -9.0843e-02, 7.2000e+01
1, 5, 3.7500e+01, -1.4890e-01, 9.0000e+01
1, 5, 3.7500e+01, -1.7416e-01, 9.9000e+01
1, 5, 3.7500e+01, 2.9734e+00, 1.0000e-03
1, 5, 3.7500e+01, 2.6637e+00, 2.0000e-03
1, 5, 3.7500e+01, 2.2986e+00, 5.0000e-03
1, 5, 3.7500e+01, 2.1291e+00, 8.0000e-03
1, 5, 3.7500e+01, 2.0525e+00, 1.0000e-02
1, 5, 3.7500e+01, 1.8986e+00, 1.6000e-02
1, 5, 3.7500e+01, 1.7384e+00, 2.7000e-02
1, 5, 3.7500e+01, 1.5923e+00, 4.5000e-02
1, 5, 3.7500e+01, 1.4482e+00, 7.7000e-02
1, 5, 3.7500e+01, 1.3160e+00, 1.3000e-01
1, 5, 3.7500e+01, 1.2011e+00, 2.1000e-01
1, 5, 3.7500e+01, 1.0840e+00, 3.5000e-01
1, 5, 3.7500e+01, 9.6507e-01, 6.0000e-01
1, 5, 3.7500e+01, 8.6654e-01, 9.5000e-01
1, 5, 3.7500e+01, 7.4415e-01, 1.7000e+00
1, 5, 3.7500e+01, 6.2574e-01, 3.0000e+00
1, 5, 3.7500e+01, 5.1468e-01, 5.1000e+00
1, 5, 3.7500e+01, 4.1124e-01, 8.3000e+00
1, 5, 3.7500e+01, 3.3137e-01, 1.2000e+01
1, 5, 3.7500e+01, 2.2918e-01, 1.9000e+01
1, 5, 3.7500e+01, 1.2396e-01, 3.0000e+01
1, 5, 3.7500e+01, 5.5461e-02, 4.0000e+01
1, 5, 3.7500e+01, -2.2673e-02, 5.5000e+01
1, 5, 3.7500e+01, -9.0843e-02, 7.2000e+01
1, 5, 3.7500e+01, -1.4890e-01, 9.0000e+01
1, 5, 3.7500e+01, -1.7416e-01, 9.9000e+01
1, 5, 3.7500e+01, 2.9734e+00, 1.0000e-03
1, 5, 3.7500e+01, 2.6637e+00, 2.0000e-03
1, 5, 3.7500e+01, 2.2986e+00, 5.0000e-03
1, 5, 3.7500e+01, 2.1291e+00, 8.0000e-03
1, 5, 3.7500e+01, 2.0525e+00, 1.0000e-02
1, 5, 3.7500e+01, 1.8986e+00, 1.6000e-02
1, 5, 3.7500e+01, 1.7384e+00, 2.7000e-02
1, 5, 3.7500e+01, 1.5923e+00, 4.5000e-02
1, 5, 3.7500e+01, 1.4482e+00, 7.7000e-02
1, 5, 3.7500e+01, 1.3160e+00, 1.3000e-01
1, 5, 3.7500e+01, 1.2011e+00, 2.1000e-01
1, 5, 3.7500e+01, 1.0840e+00, 3.5000e-01
1, 5, 3.7500e+01, 9.6507e-01, 6.0000e-01
1, 5, 3.7500e+01, 8.6654e-01, 9.5000e-01
1, 5, 3.7500e+01, 7.4415e-01, 1.7000e+00
1, 5, 3.7500e+01, 6.2574e-01, 3.0000e+00
1, 5, 3.7500e+01, 5.1468e-01, 5.1000e+00
1, 5, 3.7500e+01, 4.1124e-01, 8.3000e+00
1, 5, 3.7500e+01, 3.3137e-01, 1.2000e+01
1, 5, 3.7500e+01, 2.2918e-01, 1.9000e+01
1, 5, 3.7500e+01, 1.2396e-01, 3.0000e+01
1, 5, 3.7500e+01, 5.5461e-02, 4.0000e+01
1, 5, 3.7500e+01, -2.2673e-02, 5.5000e+01
1, 5, 3.7500e+01, -9.0843e-02, 7.2000e+01
1, 5, 3.7500e+01, -1.4890e-01, 9.0000e+01
1, 5, 3.7500e+01, -1.7416e-01, 9.9000e+01
1, 5, 3.7500e+01, 2.9734e+00, 1.0000e-03
1, 5, 3.7500e+01, 2.6637e+00, 2.0000e-03
1, 5, 3.7500e+01, 2.2986e+00, 5.0000e-03
1, 5, 3.7500e+01, 2.1291e+00, 8.0000e-03
1, 5, 3.7500e+01, 2.0525e+00, 1.0000e-02
1, 5, 3.7500e+01, 1.8986e+00, 1.6000e-02
1, 5, 3.7500e+01, 1.7384e+00, 2.7000e-02
1, 5, 3.7500e+01, 1.5923e+00, 4.5000e-02
1, 5, 3.7500e+01, 1.4482e+00, 7.7000e-02
1, 5, 3.7500e+01, 1.3160e+00, 1.3000e-01
1, 5, 3.7500e+01, 1.2011e+00, 2.1000e-01
1, 5, 3.7500e+01, 1.0840e+00, 3.5000e-01
1, 5, 3.7500e+01, 9.6507e-01, 6.0000e-01
1, 5, 3.7500e+01, 8.6654e-01, 9.5000e-01
1, 5, 3.7500e+01, 7.4415e-01, 1.7000e+00
1, 5, 3.7500e+01, 6.2574e-01, 3.0000e+00
1, 5, 3.7500e+01, 5.1468e-01, 5.1000e+00
1, 5, 3.7500e+01, 4.1124e-01, 8.3000e+00
1, 5, 3.7500e+01, 3.3137e-01, 1.2000e+01
1, 5, 3.7500e+01, 2.2918e-01, 1.9000e+01
1, 5, 3.7500e+01, 1.2396e-01, 3.0000e+01
1, 5, 3.7500e+01, 5.5461e-02, 4.0000e+01
1, 5, 3.7500e+01, -2.2673e-02, 5.5000e+01
1, 5, 3.7500e+01, -9.0843e-02, 7.2000e+01
1, 5, 3.7500e+01, -1.4890e-01, 9.0000e+01
1, 5, 3.7500e+01, -1.7416e-01, 9.9000e+01
1, 5, 3.7500e+01, 2.9734e+00, 1.0000e-03
1, 5, 3.7500e+01, 2.6637e+00, 2.0000e-03
1, 5, 3.7500e+01, 2.2986e+00, 5.0000e-03
1, 5, 3.7500e+01, 2.1291e+00, 8.0000e-03
1, 5, 3.7500e+01, 2.0525e+00, 1.0000e-02
1, 5, 3.7500e+01, 1.8986e+00, 1.6000e-02
1, 5, 3.7500e+01, 1.7384e+00, 2.7000e-02
1, 5, 3.7500e+01, 1.5923e+00, 4.5000e-02
1, 5, 3.7500e+01, 1.4482e+00, 7.7000e-02
1, 5, 3.7500e+01, 1.3160e+00, 1.3000e-01
1, 5, 3.7500e+01, 1.2011e+00, 2.1000e-01
1, 5, 3.7500e+01, 1.0840e+00, 3.5000e-01
1, 5, 3.7500e+01, 9.6507e-01, 6.0000e-01
1, 5, 3.7500e+01, 8.6654e-01, 9.5000e-01
1, 5, 3.7500e+01, 7.4415e-01, 1.7000e+00
1, 5, 3.7500e+01, 6.2574e-01, 3.0000e+00
1, 5, 3.7500e+01, 5.1468e-01, 5.1000e+00
1, 5, 3.7500e+01, 4.1124e-01, 8.3000e+00
1, 5, 3.7500e+01, 3.3137e-01, 1.2000e+01
1, 5, 3.7500e+01, 2.2918e-01, 1.9000e+01
1, 5, 3.7500e+01, 1.2396e-01, 3.0000e+01
1, 5, 3.7500e+01, 5.5461e-02, 4.0000e+01
1, 5, 3.7500e+01, -2.2673e-02, 5.5000e+01
1, 5, 3.7500e+01, -9.0843e-02, 7.2000e+01
1, 5, 3.7500e+01, -1.4890e-01, 9.0000e+01
1, 5, 3.7500e+01, -1.7416e-01, 9.9000e+01
1, 5, 3.7500e+01, 2.9734e+00, 1.0000e-03
1, 5, 3.7500e+01, 2.6637e+00, 2.0000e-03
1, 5, 3.7500e+01, 2.2986e+00, 5.0000e-03
1, 5, 3.7500e+01, 2.1291e+00, 8.0000e-03
1, 5, 3.7500e+01, 2.0525e+00, 1.0000e-02
1, 5, 3.7500e+01, 1.8986e+00, 1.6000e-02
1, 5, 3.7500e+01, 1.7384e+00, 2.7000e-02
1, 5, 3.7500e+01, 1.5923e+00, 4.5000e-02
1, 5, 3.7500e+01, 1.4482e+00, 7.7000e-02
1, 5, 3.7500e+01, 1.3160e+00, 1.3000e-01
1, 5, 3.7500e+01, 1.2011e+00, 2.1000e-01
1, 5, 3.7500e+01, 1.0840e+00, 3.5000e-01
1, 5, 3.7500e+01, 9.6507e-01, 6.0000e-01
1, 5, 3.7500e+01, 8.6654e-01, 9.5000e-01
1, 5, 3.7500e+01, 7.4415e-01, 1.7000e+00
1, 5, 3.7500e+01, 6.2574e-01, 3.0000e+00
1, 5, 3.7500e+01, 5.1468e-01, 5.1000e+00
1, 5, 3.7500e+01, 4.1124e-01, 8.3000e+00
1, 5, 3.7500e+01, 3.3137e-01, 1.2000e+01
1, 5, 3.7500e+01, 2.2918e-01, 1.9000e+01
1, 5, 3.7500e+01, 1.2396e-01, 3.0000e+01
1, 5, 3.7500e+01, 5.5461e-02, 4.0000e+01
1, 5, 3.7500e+01, -2.2673e-02, 5.5000e+01
1, 5, 3.7500e+01, -9.0843e-02, 7.2000e+01
1, 5, 3.7500e+01, -1.4890e-01, 9.0000e+01
1, 5, 3.7500e+01, -1.7416e-01, 9.9000e+01
1, 5, 3.7500e+01, 2.9734e+00, 1.0000e-03
1, 5, 3.7500e+01, 2.6637e+00, 2.0000e-03
1, 5, 3.7500e+01, 2.2986e+00, 5.0000e-03
1, 5, 3.7500e+01, 2.1291e+00, 8.0000e-03
1, 5, 3.7500e+01, 2.0525e+00, 1.0000e-02
1, 5, 3.7500e+01, 1.8986e+00, 1.6000e-02
1, 5, 3.7500e+01, 1.7384e+00, 2.7000e-02
1, 5, 3.7500e+01, 1.5923e+00, 4.5000e-02
1, 5, 3.7500e+01, 1.4482e+00, 7.7000e-02
1, 5, 3.7500e+01, 1.3160e+00, 1.3000e-01
1, 5, 3.7500e+01, 1.2011e+00, 2.1000e-01
1, 5, 3.7500e+01, 1.0840e+00, 3.5000e-01
1, 5, 3.7500e+01, 9.6507e-01, 6.0000e-01
1, 5, 3.7500e+01, 8.6654e-01, 9.5000e-01
1, 5, 3.7500e+01, 7.4415e-01, 1.7000e+00
1, 5, 3.7500e+01, 6.2574e-01, 3.0000e+00
1, 5, 3.7500e+01, 5.1468e-01, 5.1000e+00
1, 5, 3.7500e+01, 4.1124e-01, 8.3000e+00
1, 5, 3.7500e+01, 3.3137e-01, 1.2000e+01
1, 5, 3.7500e+01, 2.2918e-01, 1.9000e+01
1, 5, 3.7500e+01, 1.2396e-01, 3.0000e+01
1, 5, 3.7500e+01, 5.5461e-02, 4.0000e+01
1, 5, 3.7500e+01, -2.2673e-02, 5.5000e+01
1, 5, 3.7500e+01, -9.0843e-02, 7.2000e+01
1, 5, 3.7500e+01, -1.4890e-01, 9.0000e+01
1, 5, 3.7500e+01, -1.7416e-01, 9.9000e+01
1, 5, 3.7500e+01, 2.9734e+00, 1.0000e-03
1, 5, 3.7500e+01, 2.6637e+00, 2.0000e-03
1, 5, 3.7500e+01, 2.2986e+00, 5.0000e-03
1, 5, 3.7500e+01, 2.1291e+00, 8.0000e-03
1, 5, 3.7500e+01, 2.0525e+00, 1.0000e-02
1, 5, 3.7500e+01, 1.8986e+00, 1.6000e-02
1, 5, 3.7500e+01, 1.7384e+00, 2.7000e-02
1, 5, 3.7500e+01, 1.5923e+00, 4.5000e-02
1, 5, 3.7500e+01, 1.4482e+00, 7.7000e-02
1, 5, 3.7500e+01, 1.3160e+00, 1.3000e-01
1, 5, 3.7500e+01, 1.2011e+00, 2.1000e-01
1, 5, 3.7500e+01, 1.0840e+00, 3.5000e-01
1, 5, 3.7500e+01, 9.6507e-01, 6.0000e-01
1, 5, 3.7500e+01, 8.6654e-01, 9.5000e-01
1, 5, 3.7500e+01, 7.4415e-01, 1.7000e+00
1, 5, 3.7500e+01, 6.2574e-01, 3.0000e+00
1, 5, 3.7500e+01, 5.1468e-01, 5.1000e+00
1, 5, 3.7500e+01, 4.1124e-01, 8.3000e+00
1, 5, 3.7500e+01, 3.3137e-01, 1.2000e+01
1, 5, 3.7500e+01, 2.2918e-01, 1.9000e+01
1, 5, 3.7500e+01, 1.2396e-01, 3.0000e+01
1, 5, 3.7500e+01, 5.5461e-02, 4.0000e+01
1, 5, 3.7500e+01, -2.2673e-02, 5.5000e+01
1, 5, 3.7500e+01, -9.0843e-02, 7.2000e+01
1, 5, 3.7500e+01, -1.4890e-01, 9.0000e+01
1, 5, 3.7500e+01, -1.7416e-01, 9.9000e+01
1, 6, 3.7500e+01, 2.4301e+00, 1.0000e-03
1, 6, 3.7500e+01, 2.1770e+00, 2.0000e-03
1, 6, 3.7500e+01, 1.8787e+00, 5.0000e-03
1, 6, 3.7500e+01, 1.7401e+00, 8.0000e-03
1, 6, 3.7500e+01, 1.6774e+00, 1.0000e-02
1, 6, 3.7500e+01, 1.5517e+00, 1.6000e-02
1, 6, 3.7500e+01, 1.4208e+00, 2.7000e-02
1, 6, 3.7500e+01, 1.3013e+00, 4.5000e-02
1, 6, 3.7500e+01, 1.1836e+00, 7.7000e-02
1, 6, 3.7500e+01, 1.0756e+00, 1.3000e-01
1, 6, 3.7500e+01, 9.8163e-01, 2.1000e-01
1, 6, 3.7500e+01, 8.8590e-01, 3.5000e-01
1, 6, 3.7500e+01, 7.8874e-01, 6.0000e-01
1, 6, 3.7500e+01, 7.0821e-01, 9.5000e-01
1, 6, 3.7500e+01, 6.0818e-01, 1.7000e+00
1, 6, 3.7500e+01, 5.1141e-01, 3.0000e+00
1, 6, 3.7500e+01, 4.2064e-01, 5.1000e+00
1, 6, 3.7500e+01, 3.3610e-01, 8.3000e+00
1, 6, 3.7500e+01, 2.7082e-01, 1.2000e+01
1, 6, 3.7500e+01, 1.8730e-01, 1.9000e+01
1, 6, 3.7500e+01, 1.0131e-01, 3.0000e+01
1, 6, 3.7500e+01, 4.5328e-02, 4.0000e+01
1, 6, 3.7500e+01, -1.8530e-02, 5.5000e+01
1, 6, 3.7500e+01, -7.4245e-02, 7.2000e+01
1, 6, 3.7500e+01, -1.2169e-01, 9.0000e+01
1, 6, 3.7500e+01, -1.4234e-01, 9.9000e+01
1, 6, 3.7500e+01, 2.4301e+00, 1.0000e-03
1, 6, 3.7500e+01, 2.1770e+00, 2.0000e-03
1, 6, 3.7500e+01, 1.8787e+00, 5.0000e-03
1, 6, 3.7500e+01, 1.7401e+00, 8.0000e-03
1, 6, 3.7500e+01, 1.6774e+00, 1.0000e-02
1, 6, 3.7500e+01, 1.5517e+00, 1.6000e-02
1, 6, 3.7500e+01, 1.4208e+00, 2.7000e-02
1, 6, 3.7500e+01, 1.3013e+00, 4.5000e-02
1, 6, 3.7500e+01, 1.1836e+00, 7.7000e-02
1, 6, 3.7500e+01, 1.0756e+00, 1.3000e-01
1, 6, 3.7500e+01, 9.8163e-01, 2.1000e-01
1, 6, 3.7500e+01, 8.8590e-01, 3.5000e-01
1, 6, 3.7500e+01, 7.8874e-01, 6.0000e-01
1, 6, 3.7500e+01, 7.0821e-01, 9.5000e-01
1, 6, 3.7500e+01, 6.0818e-01, 1.7000e+00
1, 6, 3.7500e+01, 5.1141e-01, 3.0000e+00
1, 6, 3.7500e+01, 4.2064e-01, 5.1000e+00
1, 6, 3.7500e+01, 3.3610e-01, 8.3000e+00
1, 6, 3.7500e+01, 2.7082e-01, 1.2000e+01
1, 6, 3.7500e+01, 1.8730e-01, 1.9000e+01
1, 6, 3.7500e+01, 1.0131e-01, 3.0000e+01
1, 6, 3.7500e+01, 4.5328e-02, 4.0000e+01
1, 6, 3.7500e+01, -1.8530e-02, 5.5000e+01
1, 6, 3.7500e+01, -7.4245e-02, 7.2000e+01
1, 6, 3.7500e+01, -1.2169e-01, 9.0000e+01
1, 6, 3.7500e+01, -1.4234e-01, 9.9000e+01
1, 6, 3.7500e+01, 2.4301e+00, 1.0000e-03
1, 6, 3.7500e+01, 2.1770e+00, 2.0000e-03
1, 6, 3.7500e+01, 1.8787e+00, 5.0000e-03
1, 6, 3.7500e+01, 1.7401e+00, 8.0000e-03
1, 6, 3.7500e+01, 1.6774e+00, 1.0000e-02
1, 6, 3.7500e+01, 1.5517e+00, 1.6000e-02
1, 6, 3.7500e+01, 1.4208e+00, 2.7000e-02
1, 6, 3.7500e+01, 1.3013e+00, 4.5000e-02
1, 6, 3.7500e+01, 1.1836e+00, 7.7000e-02
1, 6, 3.7500e+01, 1.0756e+00, 1.3000e-01
1, 6, 3.7500e+01, 9.8163e-01, 2.1000e-01
1, 6, 3.7500e+01, 8.8590e-01, 3.5000e-01
1, 6, 3.7500e+01, 7.8874e-01, 6.0000e-01
1, 6, 3.7500e+01, 7.0821e-01, 9.5000e-01
1, 6, 3.7500e+01, 6.0818e-01, 1.7000e+00
1, 6, 3.7500e+01, 5.1141e-01, 3.0000e+00
1, 6, 3.7500e+01, 4.2064e-01, 5.1000e+00
1, 6, 3.7500e+01, 3.3610e-01, 8.3000e+00
1, 6, 3.7500e+01, 2.7082e-01, 1.2000e+01
1, 6, 3.7500e+01, 1.8730e-01, 1.9000e+01
1, 6, 3.7500e+01, 1.0131e-01, 3.0000e+01
1, 6, 3.7500e+01, 4.5328e-02, 4.0000e+01
1, 6, 3.7500e+01, -1.8530e-02, 5.5000e+01
1, 6, 3.7500e+01, -7.4245e-02, 7.2000e+01
1, 6, 3.7500e+01, -1.2169e-01, 9.0000e+01
1, 6, 3.7500e+01, -1.4234e-01, 9.9000e+01
1, 6, 3.7500e+01, 2.4301e+00, 1.0000e-03
1, 6, 3.7500e+01, 2.1770e+00, 2.0000e-03
1, 6, 3.7500e+01, 1.8787e+00, 5.0000e-03
1, 6, 3.7500e+01, 1.7401e+00, 8.0000e-03
1, 6, 3.7500e+01, 1.6774e+00, 1.0000e-02
1, 6, 3.7500e+01, 1.5517e+00, 1.6000e-02
1, 6, 3.7500e+01, 1.4208e+00, 2.7000e-02
1, 6, 3.7500e+01, 1.3013e+00, 4.5000e-02
1, 6, 3.7500e+01, 1.1836e+00, 7.7000e-02
1, 6, 3.7500e+01, 1.0756e+00, 1.3000e-01
1, 6, 3.7500e+01, 9.8163e-01, 2.1000e-01
1, 6, 3.7500e+01, 8.8590e-01, 3.5000e-01
1, 6, 3.7500e+01, 7.8874e-01, 6.0000e-01
1, 6, 3.7500e+01, 7.0821e-01, 9.5000e-01
1, 6, 3.7500e+01, 6.0818e-01, 1.7000e+00
1, 6, 3.7500e+01, 5.1141e-01, 3.0000e+00
1, 6, 3.7500e+01, 4.2064e-01, 5.1000e+00
1, 6, 3.7500e+01, 3.3610e-01, 8.3000e+00
1, 6, 3.7500e+01, 2.7082e-01, 1.2000e+01
1, 6, 3.7500e+01, 1.8730e-01, 1.9000e+01
1, 6, 3.7500e+01, 1.0131e-01, 3.0000e+01
1, 6, 3.7500e+01, 4.5328e-02, 4.0000e+01
1, 6, 3.7500e+01, -1.8530e-02, 5.5000e+01
1, 6, 3.7500e+01, -7.4245e-02, 7.2000e+01
1, 6, 3.7500e+01, -1.2169e-01, 9.0000e+01
1, 6, 3.7500e+01, -1.4234e-01, 9.9000e+01
1, 6, 3.7500e+01, 2.4301e+00, 1.0000e-03
1, 6, 3.7500e+01, 2.1770e+00, 2.0000e-03
1, 6, 3.7500e+01, 1.8787e+00, 5.0000e-03
1, 6, 3.7500e+01, 1.7401e+00, 8.0000e-03
1, 6, 3.7500e+01, 1.6774e+00, 1.0000e-02
1, 6, 3.7500e+01, 1.5517e+00, 1.6000e-02
1, 6, 3.7500e+01, 1.4208e+00, 2.7000e-02
1, 6, 3.7500e+01, 1.3013e+00, 4.5000e-02
1, 6, 3.7500e+01, 1.1836e+00, 7.7000e-02
1, 6, 3.7500e+01, 1.0756e+00, 1.3000e-01
1, 6, 3.7500e+01, 9.8163e-01, 2.1000e-01
1, 6, 3.7500e+01, 8.8590e-01, 3.5000e-01
1, 6, 3.7500e+01, 7.8874e-01, 6.0000e-01
1, 6, 3.7500e+01, 7.0821e-01, 9.5000e-01
1, 6, 3.7500e+01, 6.0818e-01, 1.7000e+00
1, 6, 3.7500e+01, 5.1141e-01, 3.0000e+00
1, 6, 3.7500e+01, 4.2064e-01, 5.1000e+00
1, 6, 3.7500e+01, 3.3610e-01, 8.3000e+00
1, 6, 3.7500e+01, 2.7082e-01, 1.2000e+01
1, 6, 3.7500e+01, 1.8730e-01, 1.9000e+01
1, 6, 3.7500e+01, 1.0131e-01, 3.0000e+01
1, 6, 3.7500e+01, 4.5328e-02, 4.0000e+01
1, 6, 3.7500e+01, -1.8530e-02, 5.5000e+01
1, 6, 3.7500e+01, -7.4245e-02, 7.2000e+01
1, 6, 3.7500e+01, -1.2169e-01, 9.0000e+01
1, 6, 3.7500e+01, -1.4234e-01, 9.9000e+01
1, 6, 3.7500e+01, 2.4301e+00, 1.0000e-03
1, 6, 3.7500e+01, 2.1770e+00, 2.0000e-03
1, 6, 3.7500e+01, 1.8787e+00, 5.0000e-03
1, 6, 3.7500e+01, 1.7401e+00, 8.0000e-03
1, 6, 3.7500e+01, 1.6774e+00, 1.0000e-02
1, 6, 3.7500e+01, 1.5517e+00, 1.6000e-02
1, 6, 3.7500e+01, 1.4208e+00, 2.7000e-02
1, 6, 3.7500e+01, 1.3013e+00, 4.5000e-02
1, 6, 3.7500e+01, 1.1836e+00, 7.7000e-02
1, 6, 3.7500e+01, 1.0756e+00, 1.3000e-01
1, 6, 3.7500e+01, 9.8163e-01, 2.1000e-01
1, 6, 3.7500e+01, 8.8590e-01, 3.5000e-01
1, 6, 3.7500e+01, 7.8874e-01, 6.0000e-01
1, 6, 3.7500e+01, 7.0821e-01, 9.5000e-01
1, 6, 3.7500e+01, 6.0818e-01, 1.7000e+00
1, 6, 3.7500e+01, 5.1141e-01, 3.0000e+00
1, 6, 3.7500e+01, 4.2064e-01, 5.1000e+00
1, 6, 3.7500e+01, 3.3610e-01, 8.3000e+00
1, 6, 3.7500e+01, 2.7082e-01, 1.2000e+01
1, 6, 3.7500e+01, 1.8730e-01, 1.9000e+01
1, 6, 3.7500e+01, 1.0131e-01, 3.0000e+01
1, 6, 3.7500e+01, 4.5328e-02, 4.0000e+01
1, 6, 3.7500e+01, -1.8530e-02, 5.5000e+01
1, 6, 3.7500e+01, -7.4245e-02, 7.2000e+01
1, 6, 3.7500e+01, -1.2169e-01, 9.0000e+01
1, 6, 3.7500e+01, -1.4234e-01, 9.9000e+01
1, 6, 3.7500e+01, 2.4301e+00, 1.0000e-03
1, 6, 3.7500e+01, 2.1770e+00, 2.0000e-03
1, 6, 3.7500e+01, 1.8787e+00, 5.0000e-03
1, 6, 3.7500e+01, 1.7401e+00, 8.0000e-03
1, 6, 3.7500e+01, 1.6774e+00, 1.0000e-02
1, 6, 3.7500e+01, 1.5517e+00, 1.6000e-02
1, 6, 3.7500e+01, 1.4208e+00, 2.7000e-02
1, 6, 3.7500e+01, 1.3013e+00, 4.5000e-02
1, 6, 3.7500e+01, 1.1836e+00, 7.7000e-02
1, 6, 3.7500e+01, 1.0756e+00, 1.3000e-01
1, 6, 3.7500e+01, 9.8163e-01, 2.1000e-01
1, 6, 3.7500e+01, 8.8590e-01, 3.5000e-01
1, 6, 3.7500e+01, 7.8874e-01, 6.0000e-01
1, 6, 3.7500e+01, 7.0821e-01, 9.5000e-01
1, 6, 3.7500e+01, 6.0818e-01, 1.7000e+00
1, 6, 3.7500e+01, 5.1141e-01, 3.0000e+00
1, 6, 3.7500e+01, 4.2064e-01, 5.1000e+00
1, 6, 3.7500e+01, 3.3610e-01, 8.3000e+00
1, 6, 3.7500e+01, 2.7082e-01, 1.2000e+01
1, 6, 3.7500e+01, 1.8730e-01, 1.9000e+01
1, 6, 3.7500e+01, 1.0131e-01, 3.0000e+01
1, 6, 3.7500e+01, 4.5328e-02, 4.0000e+01
1, 6, 3.7500e+01, -1.8530e-02, 5.5000e+01
1, 6, 3.7500e+01, -7.4245e-02, 7.2000e+01
1, 6, 3.7500e+01, -1.2169e-01, 9.0000e+01
1, 6, 3.7500e+01, -1.4234e-01, 9.9000e+01
1, 6, 3.7500e+01, 2.4301e+00, 1.0000e-03
1, 6, 3.7500e+01, 2.1770e+00, 2.0000e-03
1, 6, 3.7500e+01, 1.8787e+00, 5.0000e-03
1, 6, 3.7500e+01, 1.7401e+00, 8.0000e-03
1, 6, 3.7500e+01, 1.6774e+00, 1.0000e-02
1, 6, 3.7500e+01, 1.5517e+00, 1.6000e-02
1, 6, 3.7500e+01, 1.4208e+00, 2.7000e-02
1, 6, 3.7500e+01, 1.3013e+00, 4.5000e-02
1, 6, 3.7500e+01, 1.1836e+00, 7.7000e-02
1, 6, 3.7500e+01, 1.0756e+00, 1.3000e-01
1, 6, 3.7500e+01, 9.8163e-01, 2.1000e-01
1, 6, 3.7500e+01, 8.8590e-01, 3.5000e-01
1, 6, 3.7500e+01, 7.8874e-01, 6.0000e-01
1, 6, 3.7500e+01, 7.0821e-01, 9.5000e-01
1, 6, 3.7500e+01, 6.0818e-01, 1.7000e+00
1, 6, 3.7500e+01, 5.1141e-01, 3.0000e+00
1, 6, 3.7500e+01, 4.2064e-01, 5.1000e+00
1, 6, 3.7500e+01, 3.3610e-01, 8.3000e+00
1, 6, 3.7500e+01, 2.7082e-01, 1.2000e+01
1, 6, 3.7500e+01, 1.8730e-01, 1.9000e+01
1, 6, 3.7500e+01, 1.0131e-01, 3.0000e+01
1, 6, 3.7500e+01, 4.5328e-02, 4.0000e+01
1, 6, 3.7500e+01, -1.8530e-02, 5.5000e+01
1, 6, 3.7500e+01, -7.4245e-02, 7.2000e+01
1, 6, 3.7500e+01, -1.2169e-01, 9.0000e+01
1, 6, 3.7500e+01, -1.4234e-01, 9.9000e+01
1, 6, 3.7500e+01, 2.4301e+00, 1.0000e-03
1, 6, 3.7500e+01, 2.1770e+00, 2.0000e-03
1, 6, 3.7500e+01, 1.8787e+00, 5.0000e-03
1, 6, 3.7500e+01, 1.7401e+00, 8.0000e-03
1, 6, 3.7500e+01, 1.6774e+00, 1.0000e-02
1, 6, 3.7500e+01, 1.5517e+00, 1.6000e-02
1, 6, 3.7500e+01, 1.4208e+00, 2.7000e-02
1, 6, 3.7500e+01, 1.3013e+00, 4.5000e-02
1, 6, 3.7500e+01, 1.1836e+00, 7.7000e-02
1, 6, 3.7500e+01, 1.0756e+00, 1.3000e-01
1, 6, 3.7500e+01, 9.8163e-01, 2.1000e-01
1, 6, 3.7500e+01, 8.8590e-01, 3.5000e-01
1, 6, 3.7500e+01, 7.8874e-01, 6.0000e-01
1, 6, 3.7500e+01, 7.0821e-01, 9.5000e-01
1, 6, 3.7500e+01, 6.0818e-01, 1.7000e+00
1, 6, 3.7500e+01, 5.1141e-01, 3.0000e+00
1, 6, 3.7500e+01, 4.2064e-01, 5.1000e+00
1, 6, 3.7500e+01, 3.3610e-01, 8.3000e+00
1, 6, 3.7500e+01, 2.7082e-01, 1.2000e+01
1, 6, 3.7500e+01, 1.8730e-01, 1.9000e+01
1, 6, 3.7500e+01, 1.0131e-01, 3.0000e+01
1, 6, 3.7500e+01, 4.5328e-02, 4.0000e+01
1, 6, 3.7500e+01, -1.8530e-02, 5.5000e+01
1, 6, 3.7500e+01, -7.4245e-02, 7.2000e+01
1, 6, 3.7500e+01, -1.2169e-01, 9.0000e+01
1, 6, 3.7500e+01, -1.4234e-01, 9.9000e+01
1, 6, 3.7500e+01, 2.4301e+00, 1.0000e-03
1, 6, 3.7500e+01, 2.1770e+00, 2.0000e-03
1, 6, 3.7500e+01, 1.8787e+00, 5.0000e-03
1, 6, 3.7500e+01, 1.7401e+00, 8.0000e-03
1, 6, 3.7500e+01, 1.6774e+00, 1.0000e-02
1, 6, 3.7500e+01, 1.5517e+00, 1.6000e-02
1, 6, 3.7500e+01, 1.4208e+00, 2.7000e-02
1, 6, 3.7500e+01, 1.3013e+00, 4.5000e-02
1, 6, 3.7500e+01, 1.1836e+00, 7.7000e-02
1, 6, 3.7500e+01, 1.0756e+00, 1.3000e-01
1, 6, 3.7500e+01, 9.8163e-01, 2.1000e-01
1, 6, 3.7500e+01, 8.8590e-01, 3.5000e-01
1, 6, 3.7500e+01, 7.8874e-01, 6.0000e-01
1, 6, 3.7500e+01, 7.0821e-01, 9.5000e-01
1, 6, 3.7500e+01, 6.0818e-01, 1.7000e+00
1, 6, 3.7500e+01, 5.1141e-01, 3.0000e+00
1, 6, 3.7500e+01, 4.2064e-01, 5.1000e+00
1, 6, 3.7500e+01, 3.3610e-01, 8.3000e+00
1, 6, 3.7500e+01, 2.7082e-01, 1.2000e+01
1, 6, 3.7500e+01, 1.8730e-01, 1.9000e+01
1, 6, 3.7500e+01, 1.0131e-01, 3.0000e+01
1, 6, 3.7500e+01, 4.5328e-02, 4.0000e+01
1, 6, 3.7500e+01, -1.8530e-02, 5.5000e+01
1, 6, 3.7500e+01, -7.4245e-02, 7.2000e+01
1, 6, 3.7500e+01, -1.2169e-01, 9.0000e+01
1, 6, 3.7500e+01, -1.4234e-01, 9.9000e+01
1, 6, 3.7500e+01, 2.4301e+00, 1.0000e-03
1, 6, 3.7500e+01, 2.1770e+00, 2.0000e-03
1, 6, 3.7500e+01, 1.8787e+00, 5.0000e-03
1, 6, 3.7500e+01, 1.7401e+00, 8.0000e-03
1, 6, 3.7500e+01, 1.6774e+00, 1.0000e-02
1, 6, 3.7500e+01, 1.5517e+00, 1.6000e-02
1, 6, 3.7500e+01, 1.4208e+00, 2.7000e-02
1, 6, 3.7500e+01, 1.3013e+00, 4.5000e-02
1, 6, 3.7500e+01, 1.1836e+00, 7.7000e-02
1, 6, 3.7500e+01, 1.0756e+00, 1.3000e-01
1, 6, 3.7500e+01, 9.8163e-01, 2.1000e-01
1, 6, 3.7500e+01, 8.8590e-01, 3.5000e-01
1, 6, 3.7500e+01, 7.8874e-01, 6.0000e-01
1, 6, 3.7500e+01, 7.0821e-01, 9.5000e-01
1, 6, 3.7500e+01, 6.0818e-01, 1.7000e+00
1, 6, 3.7500e+01, 5.1141e-01, 3.0000e+00
1, 6, 3.7500e+01, 4.2064e-01, 5.1000e+00
1, 6, 3.7500e+01, 3.3610e-01, 8.3000e+00
1, 6, 3.7500e+01, 2.7082e-01, 1.2000e+01
1, 6, 3.7500e+01, 1.8730e-01, 1.9000e+01
1, 6, 3.7500e+01, 1.0131e-01, 3.0000e+01
1, 6, 3.7500e+01, 4.5328e-02, 4.0000e+01
1, 6, 3.7500e+01, -1.8530e-02, 5.5000e+01
1, 6, 3.7500e+01, -7.4245e-02, 7.2000e+01
1, 6, 3.7500e+01, -1.2169e-01, 9.0000e+01
1, 6, 3.7500e+01, -1.4234e-01, 9.9000e+01
1, 6, 3.7500e+01, 2.4301e+00, 1.0000e-03
1, 6, 3.7500e+01, 2.1770e+00, 2.0000e-03
1, 6, 3.7500e+01, 1.8787e+00, 5.0000e-03
1, 6, 3.7500e+01, 1.7401e+00, 8.0000e-03
1, 6, 3.7500e+01, 1.6774e+00, 1.0000e-02
1, 6, 3.7500e+01, 1.5517e+00, 1.6000e-02
1, 6, 3.7500e+01, 1.4208e+00, 2.7000e-02
1, 6, 3.7500e+01, 1.3013e+00, 4.5000e-02
1, 6, 3.7500e+01, 1.1836e+00, 7.7000e-02
1, 6, 3.7500e+01, 1.0756e+00, 1.3000e-01
1, 6, 3.7500e+01, 9.8163e-01, 2.1000e-01
1, 6, 3.7500e+01, 8.8590e-01, 3.5000e-01
1, 6, 3.7500e+01, 7.8874e-01, 6.0000e-01
1, 6, 3.7500e+01, 7.0821e-01, 9.5000e-01
1, 6, 3.7500e+01, 6.0818e-01, 1.7000e+00
1, 6, 3.7500e+01, 5.1141e-01, 3.0000e+00
1, 6, 3.7500e+01, 4.2064e-01, 5.1000e+00
1, 6, 3.7500e+01, 3.3610e-01, 8.3000e+00
1, 6, 3.7500e+01, 2.7082e-01, 1.2000e+01
1, 6, 3.7500e+01, 1.8730e-01, 1.9000e+01
1, 6, 3.7500e+01, 1.0131e-01, 3.0000e+01
1, 6, 3.7500e+01, 4.5328e-02, 4.0000e+01
1, 6, 3.7500e+01, -1.8530e-02, 5.5000e+01
1, 6, 3.7500e+01, -7.4245e-02, 7.2000e+01
1, 6, 3.7500e+01, -1.2169e-01, 9.0000e+01
1, 6, 3.7500e+01, -1.4234e-01, 9.9000e+01
1, 6, 3.7500e+01, 2.4301e+00, 1.0000e-03
1, 6, 3.7500e+01, 2.1770e+00, 2.0000e-03
1, 6, 3.7500e+01, 1.8787e+00, 5.0000e-03
1, 6, 3.7500e+01, 1.7401e+00, 8.0000e-03
1, 6, 3.7500e+01, 1.6774e+00, 1.0000e-02
1, 6, 3.7500e+01, 1.5517e+00, 1.6000e-02
1, 6, 3.7500e+01, 1.4208e+00, 2.7000e-02
1, 6, 3.7500e+01, 1.3013e+00, 4.5000e-02
1, 6, 3.7500e+01, 1.1836e+00, 7.7000e-02
1, 6, 3.7500e+01, 1.0756e+00, 1.3000e-01
1, 6, 3.7500e+01, 9.8163e-01, 2.1000e-01
1, 6, 3.7500e+01, 8.8590e-01, 3.5000e-01
1, 6, 3.7500e+01, 7.8874e-01, 6.0000e-01
1, 6, 3.7500e+01, 7.0821e-01, 9.5000e-01
1, 6, 3.7500e+01, 6.0818e-01, 1.7000e+00
1, 6, 3.7500e+01, 5.1141e-01, 3.0000e+00
1, 6, 3.7500e+01, 4.2064e-01, 5.1000e+00
1, 6, 3.7500e+01, 3.3610e-01, 8.3000e+00
1, 6, 3.7500e+01, 2.7082e-01, 1.2000e+01
1, 6, 3.7500e+01, 1.8730e-01, 1.9000e+01
1, 6, 3.7500e+01, 1.0131e-01, 3.0000e+01
1, 6, 3.7500e+01, 4.5328e-02, 4.0000e+01
1, 6, 3.7500e+01, -1.8530e-02, 5.5000e+01
1, 6, 3.7500e+01, -7.4245e-02, 7.2000e+01
1, 6, 3.7500e+01, -1.2169e-01, 9.0000e+01
1, 6, 3.7500e+01, -1.4234e-01, 9.9000e+01
1, 6, 3.7500e+01, 2.4301e+00, 1.0000e-03
1, 6, 3.7500e+01, 2.1770e+00, 2.0000e-03
1, 6, 3.7500e+01, 1.8787e+00, 5.0000e-03
1, 6, 3.7500e+01, 1.7401e+00, 8.0000e-03
1, 6, 3.7500e+01, 1.6774e+00, 1.0000e-02
1, 6, 3.7500e+01, 1.5517e+00, 1.6000e-02
1, 6, 3.7500e+01, 1.4208e+00, 2.7000e-02
1, 6, 3.7500e+01, 1.3013e+00, 4.5000e-02
1, 6, 3.7500e+01, 1.1836e+00, 7.7000e-02
1, 6, 3.7500e+01, 1.0756e+00, 1.3000e-01
1, 6, 3.7500e+01, 9.8163e-01, 2.1000e-01
1, 6, 3.7500e+01, 8.8590e-01, 3.5000e-01
1, 6, 3.7500e+01, 7.8874e-01, 6.0000e-01
1, 6, 3.7500e+01, 7.0821e-01, 9.5000e-01
1, 6, 3.7500e+01, 6.0818e-01, 1.7000e+00
1, 6, 3.7500e+01, 5.1141e-01, 3.0000e+00
1, 6, 3.7500e+01, 4.2064e-01, 5.1000e+00
1, 6, 3.7500e+01, 3.3610e-01, 8.3000e+00
1, 6, 3.7500e+01, 2.7082e-01, 1.2000e+01
1, 6, 3.7500e+01, 1.8730e-01, 1.9000e+01
1, 6, 3.7500e+01, 1.0131e-01, 3.0000e+01
1, 6, 3.7500e+01, 4.5328e-02, 4.0000e+01
1, 6, 3.7500e+01, -1.8530e-02, 5.5000e+01
1, 6, 3.7500e+01, -7.4245e-02, 7.2000e+01
1, 6, 3.7500e+01, -1.2169e-01, 9.0000e+01
1, 6, 3.7500e+01, -1.4234e-01, 9.9000e+01
1, 6, 3.7500e+01, 2.4301e+00, 1.0000e-03
1, 6, 3.7500e+01, 2.1770e+00, 2.0000e-03
1, 6, 3.7500e+01, 1.8787e+00, 5.0000e-03
1, 6, 3.7500e+01, 1.7401e+00, 8.0000e-03
1, 6, 3.7500e+01, 1.6774e+00, 1.0000e-02
1, 6, 3.7500e+01, 1.5517e+00, 1.6000e-02
1, 6, 3.7500e+01, 1.4208e+00, 2.7000e-02
1, 6, 3.7500e+01, 1.3013e+00, 4.5000e-02
1, 6, 3.7500e+01, 1.1836e+00, 7.7000e-02
1, 6, 3.7500e+01, 1.0756e+00, 1.3000e-01
1, 6, 3.7500e+01, 9.8163e-01, 2.1000e-01
1, 6, 3.7500e+01, 8.8590e-01, 3.5000e-01
1, 6, 3.7500e+01, 7.8874e-01, 6.0000e-01
1, 6, 3.7500e+01, 7.0821e-01, 9.5000e-01
1, 6, 3.7500e+01, 6.0818e-01, 1.7000e+00
1, 6, 3.7500e+01, 5.1141e-01, 3.0000e+00
1, 6, 3.7500e+01, 4.2064e-01, 5.1000e+00
1, 6, 3.7500e+01, 3.3610e-01, 8.3000e+00
1, 6, 3.7500e+01, 2.7082e-01, 1.2000e+01
1, 6, 3.7500e+01, 1.8730e-01, 1.9000e+01
1, 6, 3.7500e+01, 1.0131e-01, 3.0000e+01
1, 6, 3.7500e+01, 4.5328e-02, 4.0000e+01
1, 6, 3.7500e+01, -1.8530e-02, 5.5000e+01
1, 6, 3.7500e+01, -7.4245e-02, 7.2000e+01
1, 6, 3.7500e+01, -1.2169e-01, 9.0000e+01
1, 6, 3.7500e+01, -1.4234e-01, 9.9000e+01
1, 6, 3.7500e+01, 2.4301e+00, 1.0000e-03
1, 6, 3.7500e+01, 2.1770e+00, 2.0000e-03
1, 6, 3.7500e+01, 1.8787e+00, 5.0000e-03
1, 6, 3.7500e+01, 1.7401e+00, 8.0000e-03
1, 6, 3.7500e+01, 1.6774e+00, 1.0000e-02
1, 6, 3.7500e+01, 1.5517e+00, 1.6000e-02
1, 6, 3.7500e+01, 1.4208e+00, 2.7000e-02
1, 6, 3.7500e+01, 1.3013e+00, 4.5000e-02
1, 6, 3.7500e+01, 1.1836e+00, 7.7000e-02
1, 6, 3.7500e+01, 1.0756e+00, 1.3000e-01
1, 6, 3.7500e+01, 9.8163e-01, 2.1000e-01
1, 6, 3.7500e+01, 8.8590e-01, 3.5000e-01
1, 6, 3.7500e+01, 7.8874e-01, 6.0000e-01
1, 6, 3.7500e+01, 7.0821e-01, 9.5000e-01
1, 6, 3.7500e+01, 6.0818e-01, 1.7000e+00
1, 6, 3.7500e+01, 5.1141e-01, 3.0000e+00
1, 6, 3.7500e+01, 4.2064e-01, 5.1000e+00
1, 6, 3.7500e+01, 3.3610e-01, 8.3000e+00
1, 6, 3.7500e+01, 2.7082e-01, 1.2000e+01
1, 6, 3.7500e+01, 1.8730e-01, 1.9000e+01
1, 6, 3.7500e+01, 1.0131e-01, 3.0000e+01
1, 6, 3.7500e+01, 4.5328e-02, 4.0000e+01
1, 6, 3.7500e+01, -1.8530e-02, 5.5000e+01
1, 6, 3.7500e+01, -7.4245e-02, 7.2000e+01
1, 6, 3.7500e+01, -1.2169e-01, 9.0000e+01
1, 6, 3.7500e+01, -1.4234e-01, 9.9000e+01
1, 6, 3.7500e+01, 2.4301e+00, 1.0000e-03
1, 6, 3.7500e+01, 2.1770e+00, 2.0000e-03
1, 6, 3.7500e+01, 1.8787e+00, 5.0000e-03
1, 6, 3.7500e+01, 1.7401e+00, 8.0000e-03
1, 6, 3.7500e+01, 1.6774e+00, 1.0000e-02
1, 6, 3.7500e+01, 1.5517e+00, 1.6000e-02
1, 6, 3.7500e+01, 1.4208e+00, 2.7000e-02
1, 6, 3.7500e+01, 1.3013e+00, 4.5000e-02
1, 6, 3.7500e+01, 1.1836e+00, 7.7000e-02
1, 6, 3.7500e+01, 1.0756e+00, 1.3000e-01
1, 6, 3.7500e+01, 9.8163e-01, 2.1000e-01
1, 6, 3.7500e+01, 8.8590e-01, 3.5000e-01
1, 6, 3.7500e+01, 7.8874e-01, 6.0000e-01
1, 6, 3.7500e+01, 7.0821e-01, 9.5000e-01
1, 6, 3.7500e+01, 6.0818e-01, 1.7000e+00
1, 6, 3.7500e+01, 5.1141e-01, 3.0000e+00
1, 6, 3.7500e+01, 4.2064e-01, 5.1000e+00
1, 6, 3.7500e+01, 3.3610e-01, 8.3000e+00
1, 6, 3.7500e+01, 2.7082e-01, 1.2000e+01
1, 6, 3.7500e+01, 1.8730e-01, 1.9000e+01
1, 6, 3.7500e+01, 1.0131e-01, 3.0000e+01
1, 6, 3.7500e+01, 4.5328e-02, 4.0000e+01
1, 6, 3.7500e+01, -1.8530e-02, 5.5000e+01
1, 6, 3.7500e+01, -7.4245e-02, 7.2000e+01
1, 6, 3.7500e+01, -1.2169e-01, 9.0000e+01
1, 6, 3.7500e+01, -1.4234e-01, 9.9000e+01
1, 6, 3.7500e+01, 2.4301e+00, 1.0000e-03
1, 6, 3.7500e+01, 2.1770e+00, 2.0000e-03
1, 6, 3.7500e+01, 1.8787e+00, 5.0000e-03
1, 6, 3.7500e+01, 1.7401e+00, 8.0000e-03
1, 6, 3.7500e+01, 1.6774e+00, 1.0000e-02
1, 6, 3.7500e+01, 1.5517e+00, 1.6000e-02
1, 6, 3.7500e+01, 1.4208e+00, 2.7000e-02
1, 6, 3.7500e+01, 1.3013e+00, 4.5000e-02
1, 6, 3.7500e+01, 1.1836e+00, 7.7000e-02
1, 6, 3.7500e+01, 1.0756e+00, 1.3000e-01
1, 6, 3.7500e+01, 9.8163e-01, 2.1000e-01
1, 6, 3.7500e+01, 8.8590e-01, 3.5000e-01
1, 6, 3.7500e+01, 7.8874e-01, 6.0000e-01
1, 6, 3.7500e+01, 7.0821e-01, 9.5000e-01
1, 6, 3.7500e+01, 6.0818e-01, 1.7000e+00
1, 6, 3.7500e+01, 5.1141e-01, 3.0000e+00
1, 6, 3.7500e+01, 4.2064e-01, 5.1000e+00
1, 6, 3.7500e+01, 3.3610e-01, 8.3000e+00
1, 6, 3.7500e+01, 2.7082e-01, 1.2000e+01
1, 6, 3.7500e+01, 1.8730e-01, 1.9000e+01
1, 6, 3.7500e+01, 1.0131e-01, 3.0000e+01
1, 6, 3.7500e+01, 4.5328e-02, 4.0000e+01
1, 6, 3.7500e+01, -1.8530e-02, 5.5000e+01
1, 6, 3.7500e+01, -7.4245e-02, 7.2000e+01
1, 6, 3.7500e+01, -1.2169e-01, 9.0000e+01
1, 6, 3.7500e+01, -1.4234e-01, 9.9000e+01
1, 6, 3.7500e+01, 2.4301e+00, 1.0000e-03
1, 6, 3.7500e+01, 2.1770e+00, 2.0000e-03
1, 6, 3.7500e+01, 1.8787e+00, 5.0000e-03
1, 6, 3.7500e+01, 1.7401e+00, 8.0000e-03
1, 6, 3.7500e+01, 1.6774e+00, 1.0000e-02
1, 6, 3.7500e+01, 1.5517e+00, 1.6000e-02
1, 6, 3.7500e+01, 1.4208e+00, 2.7000e-02
1, 6, 3.7500e+01, 1.3013e+00, 4.5000e-02
1, 6, 3.7500e+01, 1.1836e+00, 7.7000e-02
1, 6, 3.7500e+01, 1.0756e+00, 1.3000e-01
1, 6, 3.7500e+01, 9.8163e-01, 2.1000e-01
1, 6, 3.7500e+01, 8.8590e-01, 3.5000e-01
1, 6, 3.7500e+01, 7.8874e-01, 6.0000e-01
1, 6, 3.7500e+01, 7.0821e-01, 9.5000e-01
1, 6, 3.7500e+01, 6.0818e-01, 1.7000e+00
1, 6, 3.7500e+01, 5.1141e-01, 3.0000e+00
1, 6, 3.7500e+01, 4.2064e-01, 5.1000e+00
1, 6, 3.7500e+01, 3.3610e-01, 8.3000e+00
1, 6, 3.7500e+01, 2.7082e-01, 1.2000e+01
1, 6, 3.7500e+01, 1.8730e-01, 1.9000e+01
1, 6, 3.7500e+01, 1.0131e-01, 3.0000e+01
1, 6, 3.7500e+01, 4.5328e-02, 4.0000e+01
1, 6, 3.7500e+01, -1.8530e-02, 5.5000e+01
1, 6, 3.7500e+01, -7.4245e-02, 7.2000e+01
1, 6, 3.7500e+01, -1.2169e-01, 9.0000e+01
1, 6, 3.7500e+01, -1.4234e-01, 9.9000e+01
1, 6, 3.7500e+01, 2.4301e+00, 1.0000e-03
1, 6, 3.7500e+01, 2.1770e+00, 2.0000e-03
1, 6, 3.7500e+01, 1.8787e+00, 5.0000e-03
1, 6, 3.7500e+01, 1.7401e+00, 8.0000e-03
1, 6, 3.7500e+01, 1.6774e+00, 1.0000e-02
1, 6, 3.7500e+01, 1.5517e+00, 1.6000e-02
1, 6, 3.7500e+01, 1.4208e+00, 2.7000e-02
1, 6, 3.7500e+01, 1.3013e+00, 4.5000e-02
1, 6, 3.7500e+01, 1.1836e+00, 7.7000e-02
1, 6, 3.7500e+01, 1.0756e+00, 1.3000e-01
1, 6, 3.7500e+01, 9.8163e-01, 2.1000e-01
1, 6, 3.7500e+01, 8.8590e-01, 3.5000e-01
1, 6, 3.7500e+01, 7.8874e-01, 6.0000e-01
1, 6, 3.7500e+01, 7.0821e-01, 9.5000e-01
1, 6, 3.7500e+01, 6.0818e-01, 1.7000e+00
1, 6, 3.7500e+01, 5.1141e-01, 3.0000e+00
1, 6, 3.7500e+01, 4.2064e-01, 5.1000e+00
1, 6, 3.7500e+01, 3.3610e-01, 8.3000e+00
1, 6, 3.7500e+01, 2.7082e-01, 1.2000e+01
1, 6, 3.7500e+01, 1.8730e-01, 1.9000e+01
1, 6, 3.7500e+01, 1.0131e-01, 3.0000e+01
1, 6, 3.7500e+01, 4.5328e-02, 4.0000e+01
1, 6, 3.7500e+01, -1.8530e-02, 5.5000e+01
1, 6, 3.7500e+01, -7.4245e-02, 7.2000e+01
1, 6, 3.7500e+01, -1.2169e-01, 9.0000e+01
1, 6, 3.7500e+01, -1.4234e-01, 9.9000e+01
1, 6, 3.7500e+01, 2.4301e+00, 1.0000e-03
1, 6, 3.7500e+01, 2.1770e+00, 2.0000e-03
1, 6, 3.7500e+01, 1.8787e+00, 5.0000e-03
1, 6, 3.7500e+01, 1.7401e+00, 8.0000e-03
1, 6, 3.7500e+01, 1.6774e+00, 1.0000e-02
1, 6, 3.7500e+01, 1.5517e+00, 1.6000e-02
1, 6, 3.7500e+01, 1.4208e+00, 2.7000e-02
1, 6, 3.7500e+01, 1.3013e+00, 4.5000e-02
1, 6, 3.7500e+01, 1.1836e+00, 7.7000e-02
1, 6, 3.7500e+01, 1.0756e+00, 1.3000e-01
1, 6, 3.7500e+01, 9.8163e-01, 2.1000e-01
1, 6, 3.7500e+01, 8.8590e-01, 3.5000e-01
1, 6, 3.7500e+01, 7.8874e-01, 6.0000e-01
1, 6, 3.7500e+01, 7.0821e-01, 9.5000e-01
1, 6, 3.7500e+01, 6.0818e-01, 1.7000e+00
1, 6, 3.7500e+01, 5.1141e-01, 3.0000e+00
1, 6, 3.7500e+01, 4.2064e-01, 5.1000e+00
1, 6, 3.7500e+01, 3.3610e-01, 8.3000e+00
1, 6, 3.7500e+01, 2.7082e-01, 1.2000e+01
1, 6, 3.7500e+01, 1.8730e-01, 1.9000e+01
1, 6, 3.7500e+01, 1.0131e-01, 3.0000e+01
1, 6, 3.7500e+01, 4.5328e-02, 4.0000e+01
1, 6, 3.7500e+01, -1.8530e-02, 5.5000e+01
1, 6, 3.7500e+01, -7.4245e-02, 7.2000e+01
1, 6, 3.7500e+01, -1.2169e-01, 9.0000e+01
1, 6, 3.7500e+01, -1.4234e-01, 9.9000e+01
1, 6, 3.7500e+01, 2.4301e+00, 1.0000e-03
1, 6, 3.7500e+01, 2.1770e+00, 2.0000e-03
1, 6, 3.7500e+01, 1.8787e+00, 5.0000e-03
1, 6, 3.7500e+01, 1.7401e+00, 8.0000e-03
1, 6, 3.7500e+01, 1.6774e+00, 1.0000e-02
1, 6, 3.7500e+01, 1.5517e+00, 1.6000e-02
1, 6, 3.7500e+01, 1.4208e+00, 2.7000e-02
1, 6, 3.7500e+01, 1.3013e+00, 4.5000e-02
1, 6, 3.7500e+01, 1.1836e+00, 7.7000e-02
1, 6, 3.7500e+01, 1.0756e+00, 1.3000e-01
1, 6, 3.7500e+01, 9.8163e-01, 2.1000e-01
1, 6, 3.7500e+01, 8.8590e-01, 3.5000e-01
1, 6, 3.7500e+01, 7.8874e-01, 6.0000e-01
1, 6, 3.7500e+01, 7.0821e-01, 9.5000e-01
1, 6, 3.7500e+01, 6.0818e-01, 1.7000e+00
1, 6, 3.7500e+01, 5.1141e-01, 3.0000e+00
1, 6, 3.7500e+01, 4.2064e-01, 5.1000e+00
1, 6, 3.7500e+01, 3.3610e-01, 8.3000e+00
1, 6, 3.7500e+01, 2.7082e-01, 1.2000e+01
1, 6, 3.7500e+01, 1.8730e-01, 1.9000e+01
1, 6, 3.7500e+01, 1.0131e-01, 3.0000e+01
1, 6, 3.7500e+01, 4.5328e-02, 4.0000e+01
1, 6, 3.7500e+01, -1.8530e-02, 5.5000e+01
1, 6, 3.7500e+01, -7.4245e-02, 7.2000e+01
1, 6, 3.7500e+01, -1.2169e-01, 9.0000e+01
1, 6, 3.7500e+01, -1.4234e-01, 9.9000e+01
1, 6, 3.7500e+01, 2.4301e+00, 1.0000e-03
1, 6, 3.7500e+01, 2.1770e+00, 2.0000e-03
1, 6, 3.7500e+01, 1.8787e+00, 5.0000e-03
1, 6, 3.7500e+01, 1.7401e+00, 8.0000e-03
1, 6, 3.7500e+01, 1.6774e+00, 1.0000e-02
1, 6, 3.7500e+01, 1.5517e+00, 1.6000e-02
1, 6, 3.7500e+01, 1.4208e+00, 2.7000e-02
1, 6, 3.7500e+01, 1.3013e+00, 4.5000e-02
1, 6, 3.7500e+01, 1.1836e+00, 7.7000e-02
1, 6, 3.7500e+01, 1.0756e+00, 1.3000e-01
1, 6, 3.7500e+01, 9.8163e-01, 2.1000e-01
1, 6, 3.7500e+01, 8.8590e-01, 3.5000e-01
1, 6, 3.7500e+01, 7.8874e-01, 6.0000e-01
1, 6, 3.7500e+01, 7.0821e-01, 9.5000e-01
1, 6, 3.7500e+01, 6.0818e-01, 1.7000e+00
1, 6, 3.7500e+01, 5.1141e-01, 3.0000e+00
1, 6, 3.7500e+01, 4.2064e-01, 5.1000e+00
1, 6, 3.7500e+01, 3.3610e-01, 8.3000e+00
1, 6, 3.7500e+01, 2.7082e-01, 1.2000e+01
1, 6, 3.7500e+01, 1.8730e-01, 1.9000e+01
1, 6, 3.7500e+01, 1.0131e-01, 3.0000e+01
1, 6, 3.7500e+01, 4.5328e-02, 4.0000e+01
1, 6, 3.7500e+01, -1.8530e-02, 5.5000e+01
1, 6, 3.7500e+01, -7.4245e-02, 7.2000e+01
1, 6, 3.7500e+01, -1.2169e-01, 9.0000e+01
1, 6, 3.7500e+01, -1.4234e-01, 9.9000e+01
1, 6, 3.7500e+01, 2.4301e+00, 1.0000e-03
1, 6, 3.7500e+01, 2.1770e+00, 2.0000e-03
1, 6, 3.7500e+01, 1.8787e+00, 5.0000e-03
1, 6, 3.7500e+01, 1.7401e+00, 8.0000e-03
1, 6, 3.7500e+01, 1.6774e+00, 1.0000e-02
1, 6, 3.7500e+01, 1.5517e+00, 1.6000e-02
1, 6, 3.7500e+01, 1.4208e+00, 2.7000e-02
1, 6, 3.7500e+01, 1.3013e+00, 4.5000e-02
1, 6, 3.7500e+01, 1.1836e+00, 7.7000e-02
1, 6, 3.7500e+01, 1.0756e+00, 1.3000e-01
1, 6, 3.7500e+01, 9.8163e-01, 2.1000e-01
1, 6, 3.7500e+01, 8.8590e-01, 3.5000e-01
1, 6, 3.7500e+01, 7.8874e-01, 6.0000e-01
1, 6, 3.7500e+01, 7.0821e-01, 9.5000e-01
1, 6, 3.7500e+01, 6.0818e-01, 1.7000e+00
1, 6, 3.7500e+01, 5.1141e-01, 3.0000e+00
1, 6, 3.7500e+01, 4.2064e-01, 5.1000e+00
1, 6, 3.7500e+01, 3.3610e-01, 8.3000e+00
1, 6, 3.7500e+01, 2.7082e-01, 1.2000e+01
1, 6, 3.7500e+01, 1.8730e-01, 1.9000e+01
1, 6, 3.7500e+01, 1.0131e-01, 3.0000e+01
1, 6, 3.7500e+01, 4.5328e-02, 4.0000e+01
1, 6, 3.7500e+01, -1.8530e-02, 5.5000e+01
1, 6, 3.7500e+01, -7.4245e-02, 7.2000e+01
1, 6, 3.7500e+01, -1.2169e-01, 9.0000e+01
1, 6, 3.7500e+01, -1.4234e-01, 9.9000e+01
1, 6, 3.7500e+01, 2.4301e+00, 1.0000e-03
1, 6, 3.7500e+01, 2.1770e+00, 2.0000e-03
1, 6, 3.7500e+01, 1.8787e+00, 5.0000e-03
1, 6, 3.7500e+01, 1.7401e+00, 8.0000e-03
1, 6, 3.7500e+01, 1.6774e+00, 1.0000e-02
1, 6, 3.7500e+01, 1.5517e+00, 1.6000e-02
1, 6, 3.7500e+01, 1.4208e+00, 2.7000e-02
1, 6, 3.7500e+01, 1.3013e+00, 4.5000e-02
1, 6, 3.7500e+01, 1.1836e+00, 7.7000e-02
1, 6, 3.7500e+01, 1.0756e+00, 1.3000e-01
1, 6, 3.7500e+01, 9.8163e-01, 2.1000e-01
1, 6, 3.7500e+01, 8.8590e-01, 3.5000e-01
1, 6, 3.7500e+01, 7.8874e-01, 6.0000e-01
1, 6, 3.7500e+01, 7.0821e-01, 9.5000e-01
1, 6, 3.7500e+01, 6.0818e-01, 1.7000e+00
1, 6, 3.7500e+01, 5.1141e-01, 3.0000e+00
1, 6, 3.7500e+01, 4.2064e-01, 5.1000e+00
1, 6, 3.7500e+01, 3.3610e-01, 8.3000e+00
1, 6, 3.7500e+01, 2.7082e-01, 1.2000e+01
1, 6, 3.7500e+01, 1.8730e-01, 1.9000e+01
1, 6, 3.7500e+01, 1.0131e-01, 3.0000e+01
1, 6, 3.7500e+01, 4.5328e-02, 4.0000e+01
1, 6, 3.7500e+01, -1.8530e-02, 5.5000e+01
1, 6, 3.7500e+01, -7.4245e-02, 7.2000e+01
1, 6, 3.7500e+01, -1.2169e-01, 9.0000e+01
1, 6, 3.7500e+01, -1.4234e-01, 9.9000e+01
1, 6, 3.7500e+01, 2.4301e+00, 1.0000e-03
1, 6, 3.7500e+01, 2.1770e+00, 2.0000e-03
1, 6, 3.7500e+01, 1.8787e+00, 5.0000e-03
1, 6, 3.7500e+01, 1.7401e+00, 8.0000e-03
1, 6, 3.7500e+01, 1.6774e+00, 1.0000e-02
1, 6, 3.7500e+01, 1.5517e+00, 1.6000e-02
1, 6, 3.7500e+01, 1.4208e+00, 2.7000e-02
1, 6, 3.7500e+01, 1.3013e+00, 4.5000e-02
1, 6, 3.7500e+01, 1.1836e+00, 7.7000e-02
1, 6, 3.7500e+01, 1.0756e+00, 1.3000e-01
1, 6, 3.7500e+01, 9.8163e-01, 2.1000e-01
1, 6, 3.7500e+01, 8.8590e-01, 3.5000e-01
1, 6, 3.7500e+01, 7.8874e-01, 6.0000e-01
1, 6, 3.7500e+01, 7.0821e-01, 9.5000e-01
1, 6, 3.7500e+01, 6.0818e-01, 1.7000e+00
1, 6, 3.7500e+01, 5.1141e-01, 3.0000e+00
1, 6, 3.7500e+01, 4.2064e-01, 5.1000e+00
1, 6, 3.7500e+01, 3.3610e-01, 8.3000e+00
1, 6, 3.7500e+01, 2.7082e-01, 1.2000e+01
1, 6, 3.7500e+01, 1.8730e-01, 1.9000e+01
1, 6, 3.7500e+01, 1.0131e-01, 3.0000e+01
1, 6, 3.7500e+01, 4.5328e-02, 4.0000e+01
1, 6, 3.7500e+01, -1.8530e-02, 5.5000e+01
1, 6, 3.7500e+01, -7.4245e-02, 7.2000e+01
1, 6, 3.7500e+01, -1.2169e-01, 9.0000e+01
1, 6, 3.7500e+01, -1.4234e-01, 9.9000e+01
1, 7, 3.7500e+01, 2.0610e+00, 1.0000e-03
1, 7, 3.7500e+01, 1.8463e+00, 2.0000e-03
1, 7, 3.7500e+01, 1.5933e+00, 5.0000e-03
1, 7, 3.7500e+01, 1.4758e+00, 8.0000e-03
1, 7, 3.7500e+01, 1.4227e+00, 1.0000e-02
1, 7, 3.7500e+01, 1.3160e+00, 1.6000e-02
1, 7, 3.7500e+01, 1.2050e+00, 2.7000e-02
1, 7, 3.7500e+01, 1.1037e+00, 4.5000e-02
1, 7, 3.7500e+01, 1.0038e+00, 7.7000e-02
1, 7, 3.7500e+01, 9.1222e-01, 1.3000e-01
1, 7, 3.7500e+01, 8.3254e-01, 2.1000e-01
1, 7, 3.7500e+01, 7.5134e-01, 3.5000e-01
1, 7, 3.7500e+01, 6.6894e-01, 6.0000e-01
1, 7, 3.7500e+01, 6.0064e-01, 9.5000e-01
1, 7, 3.7500e+01, 5.1581e-01, 1.7000e+00
1, 7, 3.7500e+01, 4.3374e-01, 3.0000e+00
1, 7, 3.7500e+01, 3.5675e-01, 5.1000e+00
1, 7, 3.7500e+01, 2.8505e-01, 8.3000e+00
1, 7, 3.7500e+01, 2.2969e-01, 1.2000e+01
1, 7, 3.7500e+01, 1.5886e-01, 1.9000e+01
1, 7, 3.7500e+01, 8.5925e-02, 3.0000e+01
1, 7, 3.7500e+01, 3.8443e-02, 4.0000e+01
1, 7, 3.7500e+01, -1.5716e-02, 5.5000e+01
1, 7, 3.7500e+01, -6.2968e-02, 7.2000e+01
1, 7, 3.7500e+01, -1.0321e-01, 9.0000e+01
1, 7, 3.7500e+01, -1.2072e-01, 9.9000e+01
1, 7, 3.7500e+01, 2.0610e+00, 1.0000e-03
1, 7, 3.7500e+01, 1.8463e+00, 2.0000e-03
1, 7, 3.7500e+01, 1.5933e+00, 5.0000e-03
1, 7, 3.7500e+01, 1.4758e+00, 8.0000e-03
1, 7, 3.7500e+01, 1.4227e+00, 1.0000e-02
1, 7, 3.7500e+01, 1.3160e+00, 1.6000e-02
1, 7, 3.7500e+01, 1.2050e+00, 2.7000e-02
1, 7, 3.7500e+01, 1.1037e+00, 4.5000e-02
1, 7, 3.7500e+01, 1.0038e+00, 7.7000e-02
1, 7, 3.7500e+01, 9.1222e-01, 1.3000e-01
1, 7, 3.7500e+01, 8.3254e-01, 2.1000e-01
1, 7, 3.7500e+01, 7.5134e-01, 3.5000e-01
1, 7, 3.7500e+01, 6.6894e-01, 6.0000e-01
1, 7, 3.7500e+01, 6.0064e-01, 9.5000e-01
1, 7, 3.7500e+01, 5.1581e-01, 1.7000e+00
1, 7, 3.7500e+01, 4.3374e-01, 3.0000e+00
1, 7, 3.7500e+01, 3.5675e-01, 5.1000e+00
1, 7, 3.7500e+01, 2.8505e-01, 8.3000e+00
1, 7, 3.7500e+01, 2.2969e-01, 1.2000e+01
1, 7, 3.7500e+01, 1.5886e-01, 1.9000e+01
1, 7, 3.7500e+01, 8.5925e-02, 3.0000e+01
1, 7, 3.7500e+01, 3.8443e-02, 4.0000e+01
1, 7, 3.7500e+01, -1.5716e-02, 5.5000e+01
1, 7, 3.7500e+01, -6.2968e-02, 7.2000e+01
1, 7, 3.7500e+01, -1.0321e-01, 9.0000e+01
1, 7, 3.7500e+01, -1.2072e-01, 9.9000e+01
1, 7, 3.7500e+01, 2.0610e+00, 1.0000e-03
1, 7, 3.7500e+01, 1.8463e+00, 2.0000e-03
1, 7, 3.7500e+01, 1.5933e+00, 5.0000e-03
1, 7, 3.7500e+01, 1.4758e+00, 8.0000e-03
1, 7, 3.7500e+01, 1.4227e+00, 1.0000e-02
1, 7, 3.7500e+01, 1.3160e+00, 1.6000e-02
1, 7, 3.7500e+01, 1.2050e+00, 2.7000e-02
1, 7, 3.7500e+01, 1.1037e+00, 4.5000e-02
1, 7, 3.7500e+01, 1.0038e+00, 7.7000e-02
1, 7, 3.7500e+01, 9.1222e-01, 1.3000e-01
1, 7, 3.7500e+01, 8.3254e-01, 2.1000e-01
1, 7, 3.7500e+01, 7.5134e-01, 3.5000e-01
1, 7, 3.7500e+01, 6.6894e-01, 6.0000e-01
1, 7, 3.7500e+01, 6.0064e-01, 9.5000e-01
1, 7, 3.7500e+01, 5.1581e-01, 1.7000e+00
1, 7, 3.7500e+01, 4.3374e-01, 3.0000e+00
1, 7, 3.7500e+01, 3.5675e-01, 5.1000e+00
1, 7, 3.7500e+01, 2.8505e-01, 8.3000e+00
1, 7, 3.7500e+01, 2.2969e-01, 1.2000e+01
1, 7, 3.7500e+01, 1.5886e-01, 1.9000e+01
1, 7, 3.7500e+01, 8.5925e-02, 3.0000e+01
1, 7, 3.7500e+01, 3.8443e-02, 4.0000e+01
1, 7, 3.7500e+01, -1.5716e-02, 5.5000e+01
1, 7, 3.7500e+01, -6.2968e-02, 7.2000e+01
1, 7, 3.7500e+01, -1.0321e-01, 9.0000e+01
1, 7, 3.7500e+01, -1.2072e-01, 9.9000e+01
1, 7, 3.7500e+01, 2.0610e+00, 1.0000e-03
1, 7, 3.7500e+01, 1.8463e+00, 2.0000e-03
1, 7, 3.7500e+01, 1.5933e+00, 5.0000e-03
1, 7, 3.7500e+01, 1.4758e+00, 8.0000e-03
1, 7, 3.7500e+01, 1.4227e+00, 1.0000e-02
1, 7, 3.7500e+01, 1.3160e+00, 1.6000e-02
1, 7, 3.7500e+01, 1.2050e+00, 2.7000e-02
1, 7, 3.7500e+01, 1.1037e+00, 4.5000e-02
1, 7, 3.7500e+01, 1.0038e+00, 7.7000e-02
1, 7, 3.7500e+01, 9.1222e-01, 1.3000e-01
1, 7, 3.7500e+01, 8.3254e-01, 2.1000e-01
1, 7, 3.7500e+01, 7.5134e-01, 3.5000e-01
1, 7, 3.7500e+01, 6.6894e-01, 6.0000e-01
1, 7, 3.7500e+01, 6.0064e-01, 9.5000e-01
1, 7, 3.7500e+01, 5.1581e-01, 1.7000e+00
1, 7, 3.7500e+01, 4.3374e-01, 3.0000e+00
1, 7, 3.7500e+01, 3.5675e-01, 5.1000e+00
1, 7, 3.7500e+01, 2.8505e-01, 8.3000e+00
1, 7, 3.7500e+01, 2.2969e-01, 1.2000e+01
1, 7, 3.7500e+01, 1.5886e-01, 1.9000e+01
1, 7, 3.7500e+01, 8.5925e-02, 3.0000e+01
1, 7, 3.7500e+01, 3.8443e-02, 4.0000e+01
1, 7, 3.7500e+01, -1.5716e-02, 5.5000e+01
1, 7, 3.7500e+01, -6.2968e-02, 7.2000e+01
1, 7, 3.7500e+01, -1.0321e-01, 9.0000e+01
1, 7, 3.7500e+01, -1.2072e-01, 9.9000e+01
1, 7, 3.7500e+01, 2.0610e+00, 1.0000e-03
1, 7, 3.7500e+01, 1.8463e+00, 2.0000e-03
1, 7, 3.7500e+01, 1.5933e+00, 5.0000e-03
1, 7, 3.7500e+01, 1.4758e+00, 8.0000e-03
1, 7, 3.7500e+01, 1.4227e+00, 1.0000e-02
1, 7, 3.7500e+01, 1.3160e+00, 1.6000e-02
1, 7, 3.7500e+01, 1.2050e+00, 2.7000e-02
1, 7, 3.7500e+01, 1.1037e+00, 4.5000e-02
1, 7, 3.7500e+01, 1.0038e+00, 7.7000e-02
1, 7, 3.7500e+01, 9.1222e-01, 1.3000e-01
1, 7, 3.7500e+01, 8.3254e-01, 2.1000e-01
1, 7, 3.7500e+01, 7.5134e-01, 3.5000e-01
1, 7, 3.7500e+01, 6.6894e-01, 6.0000e-01
1, 7, 3.7500e+01, 6.0064e-01, 9.5000e-01
1, 7, 3.7500e+01, 5.1581e-01, 1.7000e+00
1, 7, 3.7500e+01, 4.3374e-01, 3.0000e+00
1, 7, 3.7500e+01, 3.5675e-01, 5.1000e+00
1, 7, 3.7500e+01, 2.8505e-01, 8.3000e+00
1, 7, 3.7500e+01, 2.2969e-01, 1.2000e+01
1, 7, 3.7500e+01, 1.5886e-01, 1.9000e+01
1, 7, 3.7500e+01, 8.5925e-02, 3.0000e+01
1, 7, 3.7500e+01, 3.8443e-02, 4.0000e+01
1, 7, 3.7500e+01, -1.5716e-02, 5.5000e+01
1, 7, 3.7500e+01, -6.2968e-02, 7.2000e+01
1, 7, 3.7500e+01, -1.0321e-01, 9.0000e+01
1, 7, 3.7500e+01, -1.2072e-01, 9.9000e+01
1, 7, 3.7500e+01, 2.0610e+00, 1.0000e-03
1, 7, 3.7500e+01, 1.8463e+00, 2.0000e-03
1, 7, 3.7500e+01, 1.5933e+00, 5.0000e-03
1, 7, 3.7500e+01, 1.4758e+00, 8.0000e-03
1, 7, 3.7500e+01, 1.4227e+00, 1.0000e-02
1, 7, 3.7500e+01, 1.3160e+00, 1.6000e-02
1, 7, 3.7500e+01, 1.2050e+00, 2.7000e-02
1, 7, 3.7500e+01, 1.1037e+00, 4.5000e-02
1, 7, 3.7500e+01, 1.0038e+00, 7.7000e-02
1, 7, 3.7500e+01, 9.1222e-01, 1.3000e-01
1, 7, 3.7500e+01, 8.3254e-01, 2.1000e-01
1, 7, 3.7500e+01, 7.5134e-01, 3.5000e-01
1, 7, 3.7500e+01, 6.6894e-01, 6.0000e-01
1, 7, 3.7500e+01, 6.0064e-01, 9.5000e-01
1, 7, 3.7500e+01, 5.1581e-01, 1.7000e+00
1, 7, 3.7500e+01, 4.3374e-01, 3.0000e+00
1, 7, 3.7500e+01, 3.5675e-01, 5.1000e+00
1, 7, 3.7500e+01, 2.8505e-01, 8.3000e+00
1, 7, 3.7500e+01, 2.2969e-01, 1.2000e+01
1, 7, 3.7500e+01, 1.5886e-01, 1.9000e+01
1, 7, 3.7500e+01, 8.5925e-02, 3.0000e+01
1, 7, 3.7500e+01, 3.8443e-02, 4.0000e+01
1, 7, 3.7500e+01, -1.5716e-02, 5.5000e+01
1, 7, 3.7500e+01, -6.2968e-02, 7.2000e+01
1, 7, 3.7500e+01, -1.0321e-01, 9.0000e+01
1, 7, 3.7500e+01, -1.2072e-01, 9.9000e+01
1, 7, 3.7500e+01, 2.0610e+00, 1.0000e-03
1, 7, 3.7500e+01, 1.8463e+00, 2.0000e-03
1, 7, 3.7500e+01, 1.5933e+00, 5.0000e-03
1, 7, 3.7500e+01, 1.4758e+00, 8.0000e-03
1, 7, 3.7500e+01, 1.4227e+00, 1.0000e-02
1, 7, 3.7500e+01, 1.3160e+00, 1.6000e-02
1, 7, 3.7500e+01, 1.2050e+00, 2.7000e-02
1, 7, 3.7500e+01, 1.1037e+00, 4.5000e-02
1, 7, 3.7500e+01, 1.0038e+00, 7.7000e-02
1, 7, 3.7500e+01, 9.1222e-01, 1.3000e-01
1, 7, 3.7500e+01, 8.3254e-01, 2.1000e-01
1, 7, 3.7500e+01, 7.5134e-01, 3.5000e-01
1, 7, 3.7500e+01, 6.6894e-01, 6.0000e-01
1, 7, 3.7500e+01, 6.0064e-01, 9.5000e-01
1, 7, 3.7500e+01, 5.1581e-01, 1.7000e+00
1, 7, 3.7500e+01, 4.3374e-01, 3.0000e+00
1, 7, 3.7500e+01, 3.5675e-01, 5.1000e+00
1, 7, 3.7500e+01, 2.8505e-01, 8.3000e+00
1, 7, 3.7500e+01, 2.2969e-01, 1.2000e+01
1, 7, 3.7500e+01, 1.5886e-01, 1.9000e+01
1, 7, 3.7500e+01, 8.5925e-02, 3.0000e+01
1, 7, 3.7500e+01, 3.8443e-02, 4.0000e+01
1, 7, 3.7500e+01, -1.5716e-02, 5.5000e+01
1, 7, 3.7500e+01, -6.2968e-02, 7.2000e+01
1, 7, 3.7500e+01, -1.0321e-01, 9.0000e+01
1, 7, 3.7500e+01, -1.2072e-01, 9.9000e+01
1, 7, 3.7500e+01, 2.0610e+00, 1.0000e-03
1, 7, 3.7500e+01, 1.8463e+00, 2.0000e-03
1, 7, 3.7500e+01, 1.5933e+00, 5.0000e-03
1, 7, 3.7500e+01, 1.4758e+00, 8.0000e-03
1, 7, 3.7500e+01, 1.4227e+00, 1.0000e-02
1, 7, 3.7500e+01, 1.3160e+00, 1.6000e-02
1, 7, 3.7500e+01, 1.2050e+00, 2.7000e-02
1, 7, 3.7500e+01, 1.1037e+00, 4.5000e-02
1, 7, 3.7500e+01, 1.0038e+00, 7.7000e-02
1, 7, 3.7500e+01, 9.1222e-01, 1.3000e-01
1, 7, 3.7500e+01, 8.3254e-01, 2.1000e-01
1, 7, 3.7500e+01, 7.5134e-01, 3.5000e-01
1, 7, 3.7500e+01, 6.6894e-01, 6.0000e-01
1, 7, 3.7500e+01, 6.0064e-01, 9.5000e-01
1, 7, 3.7500e+01, 5.1581e-01, 1.7000e+00
1, 7, 3.7500e+01, 4.3374e-01, 3.0000e+00
1, 7, 3.7500e+01, 3.5675e-01, 5.1000e+00
1, 7, 3.7500e+01, 2.8505e-01, 8.3000e+00
1, 7, 3.7500e+01, 2.2969e-01, 1.2000e+01
1, 7, 3.7500e+01, 1.5886e-01, 1.9000e+01
1, 7, 3.7500e+01, 8.5925e-02, 3.0000e+01
1, 7, 3.7500e+01, 3.8443e-02, 4.0000e+01
1, 7, 3.7500e+01, -1.5716e-02, 5.5000e+01
1, 7, 3.7500e+01, -6.2968e-02, 7.2000e+01
1, 7, 3.7500e+01, -1.0321e-01, 9.0000e+01
1, 7, 3.7500e+01, -1.2072e-01, 9.9000e+01
1, 7, 3.7500e+01, 2.0610e+00, 1.0000e-03
1, 7, 3.7500e+01, 1.8463e+00, 2.0000e-03
1, 7, 3.7500e+01, 1.5933e+00, 5.0000e-03
1, 7, 3.7500e+01, 1.4758e+00, 8.0000e-03
1, 7, 3.7500e+01, 1.4227e+00, 1.0000e-02
1, 7, 3.7500e+01, 1.3160e+00, 1.6000e-02
1, 7, 3.7500e+01, 1.2050e+00, 2.7000e-02
1, 7, 3.7500e+01, 1.1037e+00, 4.5000e-02
1, 7, 3.7500e+01, 1.0038e+00, 7.7000e-02
1, 7, 3.7500e+01, 9.1222e-01, 1.3000e-01
1, 7, 3.7500e+01, 8.3254e-01, 2.1000e-01
1, 7, 3.7500e+01, 7.5134e-01, 3.5000e-01
1, 7, 3.7500e+01, 6.6894e-01, 6.0000e-01
1, 7, 3.7500e+01, 6.0064e-01, 9.5000e-01
1, 7, 3.7500e+01, 5.1581e-01, 1.7000e+00
1, 7, 3.7500e+01, 4.3374e-01, 3.0000e+00
1, 7, 3.7500e+01, 3.5675e-01, 5.1000e+00
1, 7, 3.7500e+01, 2.8505e-01, 8.3000e+00
1, 7, 3.7500e+01, 2.2969e-01, 1.2000e+01
1, 7, 3.7500e+01, 1.5886e-01, 1.9000e+01
1, 7, 3.7500e+01, 8.5925e-02, 3.0000e+01
1, 7, 3.7500e+01, 3.8443e-02, 4.0000e+01
1, 7, 3.7500e+01, -1.5716e-02, 5.5000e+01
1, 7, 3.7500e+01, -6.2968e-02, 7.2000e+01
1, 7, 3.7500e+01, -1.0321e-01, 9.0000e+01
1, 7, 3.7500e+01, -1.2072e-01, 9.9000e+01
1, 7, 3.7500e+01, 2.0610e+00, 1.0000e-03
1, 7, 3.7500e+01, 1.8463e+00, 2.0000e-03
1, 7, 3.7500e+01, 1.5933e+00, 5.0000e-03
1, 7, 3.7500e+01, 1.4758e+00, 8.0000e-03
1, 7, 3.7500e+01, 1.4227e+00, 1.0000e-02
1, 7, 3.7500e+01, 1.3160e+00, 1.6000e-02
1, 7, 3.7500e+01, 1.2050e+00, 2.7000e-02
1, 7, 3.7500e+01, 1.1037e+00, 4.5000e-02
1, 7, 3.7500e+01, 1.0038e+00, 7.7000e-02
1, 7, 3.7500e+01, 9.1222e-01, 1.3000e-01
1, 7, 3.7500e+01, 8.3254e-01, 2.1000e-01
1, 7, 3.7500e+01, 7.5134e-01, 3.5000e-01
1, 7, 3.7500e+01, 6.6894e-01, 6.0000e-01
1, 7, 3.7500e+01, 6.0064e-01, 9.5000e-01
1, 7, 3.7500e+01, 5.1581e-01, 1.7000e+00
1, 7, 3.7500e+01, 4.3374e-01, 3.0000e+00
1, 7, 3.7500e+01, 3.5675e-01, 5.1000e+00
1, 7, 3.7500e+01, 2.8505e-01, 8.3000e+00
1, 7, 3.7500e+01, 2.2969e-01, 1.2000e+01
1, 7, 3.7500e+01, 1.5886e-01, 1.9000e+01
1, 7, 3.7500e+01, 8.5925e-02, 3.0000e+01
1, 7, 3.7500e+01, 3.8443e-02, 4.0000e+01
1, 7, 3.7500e+01, -1.5716e-02, 5.5000e+01
1, 7, 3.7500e+01, -6.2968e-02, 7.2000e+01
1, 7, 3.7500e+01, -1.0321e-01, 9.0000e+01
1, 7, 3.7500e+01, -1.2072e-01, 9.9000e+01
1, 7, 3.7500e+01, 2.0610e+00, 1.0000e-03
1, 7, 3.7500e+01, 1.8463e+00, 2.0000e-03
1, 7, 3.7500e+01, 1.5933e+00, 5.0000e-03
1, 7, 3.7500e+01, 1.4758e+00, 8.0000e-03
1, 7, 3.7500e+01, 1.4227e+00, 1.0000e-02
1, 7, 3.7500e+01, 1.3160e+00, 1.6000e-02
1, 7, 3.7500e+01, 1.2050e+00, 2.7000e-02
1, 7, 3.7500e+01, 1.1037e+00, 4.5000e-02
1, 7, 3.7500e+01, 1.0038e+00, 7.7000e-02
1, 7, 3.7500e+01, 9.1222e-01, 1.3000e-01
1, 7, 3.7500e+01, 8.3254e-01, 2.1000e-01
1, 7, 3.7500e+01, 7.5134e-01, 3.5000e-01
1, 7, 3.7500e+01, 6.6894e-01, 6.0000e-01
1, 7, 3.7500e+01, 6.0064e-01, 9.5000e-01
1, 7, 3.7500e+01, 5.1581e-01, 1.7000e+00
1, 7, 3.7500e+01, 4.3374e-01, 3.0000e+00
1, 7, 3.7500e+01, 3.5675e-01, 5.1000e+00
1, 7, 3.7500e+01, 2.8505e-01, 8.3000e+00
1, 7, 3.7500e+01, 2.2969e-01, 1.2000e+01
1, 7, 3.7500e+01, 1.5886e-01, 1.9000e+01
1, 7, 3.7500e+01, 8.5925e-02, 3.0000e+01
1, 7, 3.7500e+01, 3.8443e-02, 4.0000e+01
1, 7, 3.7500e+01, -1.5716e-02, 5.5000e+01
1, 7, 3.7500e+01, -6.2968e-02, 7.2000e+01
1, 7, 3.7500e+01, -1.0321e-01, 9.0000e+01
1, 7, 3.7500e+01, -1.2072e-01, 9.9000e+01
1, 7, 3.7500e+01, 2.0610e+00, 1.0000e-03
1, 7, 3.7500e+01, 1.8463e+00, 2.0000e-03
1, 7, 3.7500e+01, 1.5933e+00, 5.0000e-03
1, 7, 3.7500e+01, 1.4758e+00, 8.0000e-03
1, 7, 3.7500e+01, 1.4227e+00, 1.0000e-02
1, 7, 3.7500e+01, 1.3160e+00, 1.6000e-02
1, 7, 3.7500e+01, 1.2050e+00, 2.7000e-02
1, 7, 3.7500e+01, 1.1037e+00, 4.5000e-02
1, 7, 3.7500e+01, 1.0038e+00, 7.7000e-02
1, 7, 3.7500e+01, 9.1222e-01, 1.3000e-01
1, 7, 3.7500e+01, 8.3254e-01, 2.1000e-01
1, 7, 3.7500e+01, 7.5134e-01, 3.5000e-01
1, 7, 3.7500e+01, 6.6894e-01, 6.0000e-01
1, 7, 3.7500e+01, 6.0064e-01, 9.5000e-01
1, 7, 3.7500e+01, 5.1581e-01, 1.7000e+00
1, 7, 3.7500e+01, 4.3374e-01, 3.0000e+00
1, 7, 3.7500e+01, 3.5675e-01, 5.1000e+00
1, 7, 3.7500e+01, 2.8505e-01, 8.3000e+00
1, 7, 3.7500e+01, 2.2969e-01, 1.2000e+01
1, 7, 3.7500e+01, 1.5886e-01, 1.9000e+01
1, 7, 3.7500e+01, 8.5925e-02, 3.0000e+01
1, 7, 3.7500e+01, 3.8443e-02, 4.0000e+01
1, 7, 3.7500e+01, -1.5716e-02, 5.5000e+01
1, 7, 3.7500e+01, -6.2968e-02, 7.2000e+01
1, 7, 3.7500e+01, -1.0321e-01, 9.0000e+01
1, 7, 3.7500e+01, -1.2072e-01, 9.9000e+01
1, 7, 3.7500e+01, 2.0610e+00, 1.0000e-03
1, 7, 3.7500e+01, 1.8463e+00, 2.0000e-03
1, 7, 3.7500e+01, 1.5933e+00, 5.0000e-03
1, 7, 3.7500e+01, 1.4758e+00, 8.0000e-03
1, 7, 3.7500e+01, 1.4227e+00, 1.0000e-02
1, 7, 3.7500e+01, 1.3160e+00, 1.6000e-02
1, 7, 3.7500e+01, 1.2050e+00, 2.7000e-02
1, 7, 3.7500e+01, 1.1037e+00, 4.5000e-02
1, 7, 3.7500e+01, 1.0038e+00, 7.7000e-02
1, 7, 3.7500e+01, 9.1222e-01, 1.3000e-01
1, 7, 3.7500e+01, 8.3254e-01, 2.1000e-01
1, 7, 3.7500e+01, 7.5134e-01, 3.5000e-01
1, 7, 3.7500e+01, 6.6894e-01, 6.0000e-01
1, 7, 3.7500e+01, 6.0064e-01, 9.5000e-01
1, 7, 3.7500e+01, 5.1581e-01, 1.7000e+00
1, 7, 3.7500e+01, 4.3374e-01, 3.0000e+00
1, 7, 3.7500e+01, 3.5675e-01, 5.1000e+00
1, 7, 3.7500e+01, 2.8505e-01, 8.3000e+00
1, 7, 3.7500e+01, 2.2969e-01, 1.2000e+01
1, 7, 3.7500e+01, 1.5886e-01, 1.9000e+01
1, 7, 3.7500e+01, 8.5925e-02, 3.0000e+01
1, 7, 3.7500e+01, 3.8443e-02, 4.0000e+01
1, 7, 3.7500e+01, -1.5716e-02, 5.5000e+01
1, 7, 3.7500e+01, -6.2968e-02, 7.2000e+01
1, 7, 3.7500e+01, -1.0321e-01, 9.0000e+01
1, 7, 3.7500e+01, -1.2072e-01, 9.9000e+01
1, 7, 3.7500e+01, 2.0610e+00, 1.0000e-03
1, 7, 3.7500e+01, 1.8463e+00, 2.0000e-03
1, 7, 3.7500e+01, 1.5933e+00, 5.0000e-03
1, 7, 3.7500e+01, 1.4758e+00, 8.0000e-03
1, 7, 3.7500e+01, 1.4227e+00, 1.0000e-02
1, 7, 3.7500e+01, 1.3160e+00, 1.6000e-02
1, 7, 3.7500e+01, 1.2050e+00, 2.7000e-02
1, 7, 3.7500e+01, 1.1037e+00, 4.5000e-02
1, 7, 3.7500e+01, 1.0038e+00, 7.7000e-02
1, 7, 3.7500e+01, 9.1222e-01, 1.3000e-01
1, 7, 3.7500e+01, 8.3254e-01, 2.1000e-01
1, 7, 3.7500e+01, 7.5134e-01, 3.5000e-01
1, 7, 3.7500e+01, 6.6894e-01, 6.0000e-01
1, 7, 3.7500e+01, 6.0064e-01, 9.5000e-01
1, 7, 3.7500e+01, 5.1581e-01, 1.7000e+00
1, 7, 3.7500e+01, 4.3374e-01, 3.0000e+00
1, 7, 3.7500e+01, 3.5675e-01, 5.1000e+00
1, 7, 3.7500e+01, 2.8505e-01, 8.3000e+00
1, 7, 3.7500e+01, 2.2969e-01, 1.2000e+01
1, 7, 3.7500e+01, 1.5886e-01, 1.9000e+01
1, 7, 3.7500e+01, 8.5925e-02, 3.0000e+01
1, 7, 3.7500e+01, 3.8443e-02, 4.0000e+01
1, 7, 3.7500e+01, -1.5716e-02, 5.5000e+01
1, 7, 3.7500e+01, -6.2968e-02, 7.2000e+01
1, 7, 3.7500e+01, -1.0321e-01, 9.0000e+01
1, 7, 3.7500e+01, -1.2072e-01, 9.9000e+01
1, 7, 3.7500e+01, 2.0610e+00, 1.0000e-03
1, 7, 3.7500e+01, 1.8463e+00, 2.0000e-03
1, 7, 3.7500e+01, 1.5933e+00, 5.0000e-03
1, 7, 3.7500e+01, 1.4758e+00, 8.0000e-03
1, 7, 3.7500e+01, 1.4227e+00, 1.0000e-02
1, 7, 3.7500e+01, 1.3160e+00, 1.6000e-02
1, 7, 3.7500e+01, 1.2050e+00, 2.7000e-02
1, 7, 3.7500e+01, 1.1037e+00, 4.5000e-02
1, 7, 3.7500e+01, 1.0038e+00, 7.7000e-02
1, 7, 3.7500e+01, 9.1222e-01, 1.3000e-01
1, 7, 3.7500e+01, 8.3254e-01, 2.1000e-01
1, 7, 3.7500e+01, 7.5134e-01, 3.5000e-01
1, 7, 3.7500e+01, 6.6894e-01, 6.0000e-01
1, 7, 3.7500e+01, 6.0064e-01, 9.5000e-01
1, 7, 3.7500e+01, 5.1581e-01, 1.7000e+00
1, 7, 3.7500e+01, 4.3374e-01, 3.0000e+00
1, 7, 3.7500e+01, 3.5675e-01, 5.1000e+00
1, 7, 3.7500e+01, 2.8505e-01, 8.3000e+00
1, 7, 3.7500e+01, 2.2969e-01, 1.2000e+01
1, 7, 3.7500e+01, 1.5886e-01, 1.9000e+01
1, 7, 3.7500e+01, 8.5925e-02, 3.0000e+01
1, 7, 3.7500e+01, 3.8443e-02, 4.0000e+01
1, 7, 3.7500e+01, -1.5716e-02, 5.5000e+01
1, 7, 3.7500e+01, -6.2968e-02, 7.2000e+01
1, 7, 3.7500e+01, -1.0321e-01, 9.0000e+01
1, 7, 3.7500e+01, -1.2072e-01, 9.9000e+01
1, 7, 3.7500e+01, 2.0610e+00, 1.0000e-03
1, 7, 3.7500e+01, 1.8463e+00, 2.0000e-03
1, 7, 3.7500e+01, 1.5933e+00, 5.0000e-03
1, 7, 3.7500e+01, 1.4758e+00, 8.0000e-03
1, 7, 3.7500e+01, 1.4227e+00, 1.0000e-02
1, 7, 3.7500e+01, 1.3160e+00, 1.6000e-02
1, 7, 3.7500e+01, 1.2050e+00, 2.7000e-02
1, 7, 3.7500e+01, 1.1037e+00, 4.5000e-02
1, 7, 3.7500e+01, 1.0038e+00, 7.7000e-02
1, 7, 3.7500e+01, 9.1222e-01, 1.3000e-01
1, 7, 3.7500e+01, 8.3254e-01, 2.1000e-01
1, 7, 3.7500e+01, 7.5134e-01, 3.5000e-01
1, 7, 3.7500e+01, 6.6894e-01, 6.0000e-01
1, 7, 3.7500e+01, 6.0064e-01, 9.5000e-01
1, 7, 3.7500e+01, 5.1581e-01, 1.7000e+00
1, 7, 3.7500e+01, 4.3374e-01, 3.0000e+00
1, 7, 3.7500e+01, 3.5675e-01, 5.1000e+00
1, 7, 3.7500e+01, 2.8505e-01, 8.3000e+00
1, 7, 3.7500e+01, 2.2969e-01, 1.2000e+01
1, 7, 3.7500e+01, 1.5886e-01, 1.9000e+01
1, 7, 3.7500e+01, 8.5925e-02, 3.0000e+01
1, 7, 3.7500e+01, 3.8443e-02, 4.0000e+01
1, 7, 3.7500e+01, -1.5716e-02, 5.5000e+01
1, 7, 3.7500e+01, -6.2968e-02, 7.2000e+01
1, 7, 3.7500e+01, -1.0321e-01, 9.0000e+01
1, 7, 3.7500e+01, -1.2072e-01, 9.9000e+01
1, 7, 3.7500e+01, 2.0610e+00, 1.0000e-03
1, 7, 3.7500e+01, 1.8463e+00, 2.0000e-03
1, 7, 3.7500e+01, 1.5933e+00, 5.0000e-03
1, 7, 3.7500e+01, 1.4758e+00, 8.0000e-03
1, 7, 3.7500e+01, 1.4227e+00, 1.0000e-02
1, 7, 3.7500e+01, 1.3160e+00, 1.6000e-02
1, 7, 3.7500e+01, 1.2050e+00, 2.7000e-02
1, 7, 3.7500e+01, 1.1037e+00, 4.5000e-02
1, 7, 3.7500e+01, 1.0038e+00, 7.7000e-02
1, 7, 3.7500e+01, 9.1222e-01, 1.3000e-01
1, 7, 3.7500e+01, 8.3254e-01, 2.1000e-01
1, 7, 3.7500e+01, 7.5134e-01, 3.5000e-01
1, 7, 3.7500e+01, 6.6894e-01, 6.0000e-01
1, 7, 3.7500e+01, 6.0064e-01, 9.5000e-01
1, 7, 3.7500e+01, 5.1581e-01, 1.7000e+00
1, 7, 3.7500e+01, 4.3374e-01, 3.0000e+00
1, 7, 3.7500e+01, 3.5675e-01, 5.1000e+00
1, 7, 3.7500e+01, 2.8505e-01, 8.3000e+00
1, 7, 3.7500e+01, 2.2969e-01, 1.2000e+01
1, 7, 3.7500e+01, 1.5886e-01, 1.9000e+01
1, 7, 3.7500e+01, 8.5925e-02, 3.0000e+01
1, 7, 3.7500e+01, 3.8443e-02, 4.0000e+01
1, 7, 3.7500e+01, -1.5716e-02, 5.5000e+01
1, 7, 3.7500e+01, -6.2968e-02, 7.2000e+01
1, 7, 3.7500e+01, -1.0321e-01, 9.0000e+01
1, 7, 3.7500e+01, -1.2072e-01, 9.9000e+01
1, 7, 3.7500e+01, 2.0610e+00, 1.0000e-03
1, 7, 3.7500e+01, 1.8463e+00, 2.0000e-03
1, 7, 3.7500e+01, 1.5933e+00, 5.0000e-03
1, 7, 3.7500e+01, 1.4758e+00, 8.0000e-03
1, 7, 3.7500e+01, 1.4227e+00, 1.0000e-02
1, 7, 3.7500e+01, 1.3160e+00, 1.6000e-02
1, 7, 3.7500e+01, 1.2050e+00, 2.7000e-02
1, 7, 3.7500e+01, 1.1037e+00, 4.5000e-02
1, 7, 3.7500e+01, 1.0038e+00, 7.7000e-02
1, 7, 3.7500e+01, 9.1222e-01, 1.3000e-01
1, 7, 3.7500e+01, 8.3254e-01, 2.1000e-01
1, 7, 3.7500e+01, 7.5134e-01, 3.5000e-01
1, 7, 3.7500e+01, 6.6894e-01, 6.0000e-01
1, 7, 3.7500e+01, 6.0064e-01, 9.5000e-01
1, 7, 3.7500e+01, 5.1581e-01, 1.7000e+00
1, 7, 3.7500e+01, 4.3374e-01, 3.0000e+00
1, 7, 3.7500e+01, 3.5675e-01, 5.1000e+00
1, 7, 3.7500e+01, 2.8505e-01, 8.3000e+00
1, 7, 3.7500e+01, 2.2969e-01, 1.2000e+01
1, 7, 3.7500e+01, 1.5886e-01, 1.9000e+01
1, 7, 3.7500e+01, 8.5925e-02, 3.0000e+01
1, 7, 3.7500e+01, 3.8443e-02, 4.0000e+01
1, 7, 3.7500e+01, -1.5716e-02, 5.5000e+01
1, 7, 3.7500e+01, -6.2968e-02, 7.2000e+01
1, 7, 3.7500e+01, -1.0321e-01, 9.0000e+01
1, 7, 3.7500e+01, -1.2072e-01, 9.9000e+01
1, 7, 3.7500e+01, 2.0610e+00, 1.0000e-03
1, 7, 3.7500e+01, 1.8463e+00, 2.0000e-03
1, 7, 3.7500e+01, 1.5933e+00, 5.0000e-03
1, 7, 3.7500e+01, 1.4758e+00, 8.0000e-03
1, 7, 3.7500e+01, 1.4227e+00, 1.0000e-02
1, 7, 3.7500e+01, 1.3160e+00, 1.6000e-02
1, 7, 3.7500e+01, 1.2050e+00, 2.7000e-02
1, 7, 3.7500e+01, 1.1037e+00, 4.5000e-02
1, 7, 3.7500e+01, 1.0038e+00, 7.7000e-02
1, 7, 3.7500e+01, 9.1222e-01, 1.3000e-01
1, 7, 3.7500e+01, 8.3254e-01, 2.1000e-01
1, 7, 3.7500e+01, 7.5134e-01, 3.5000e-01
1, 7, 3.7500e+01, 6.6894e-01, 6.0000e-01
1, 7, 3.7500e+01, 6.0064e-01, 9.5000e-01
1, 7, 3.7500e+01, 5.1581e-01, 1.7000e+00
1, 7, 3.7500e+01, 4.3374e-01, 3.0000e+00
1, 7, 3.7500e+01, 3.5675e-01, 5.1000e+00
1, 7, 3.7500e+01, 2.8505e-01, 8.3000e+00
1, 7, 3.7500e+01, 2.2969e-01, 1.2000e+01
1, 7, 3.7500e+01, 1.5886e-01, 1.9000e+01
1, 7, 3.7500e+01, 8.5925e-02, 3.0000e+01
1, 7, 3.7500e+01, 3.8443e-02, 4.0000e+01
1, 7, 3.7500e+01, -1.5716e-02, 5.5000e+01
1, 7, 3.7500e+01, -6.2968e-02, 7.2000e+01
1, 7, 3.7500e+01, -1.0321e-01, 9.0000e+01
1, 7, 3.7500e+01, -1.2072e-01, 9.9000e+01
1, 7, 3.7500e+01, 2.0610e+00, 1.0000e-03
1, 7, 3.7500e+01, 1.8463e+00, 2.0000e-03
1, 7, 3.7500e+01, 1.5933e+00, 5.0000e-03
1, 7, 3.7500e+01, 1.4758e+00, 8.0000e-03
1, 7, 3.7500e+01, 1.4227e+00, 1.0000e-02
1, 7, 3.7500e+01, 1.3160e+00, 1.6000e-02
1, 7, 3.7500e+01, 1.2050e+00, 2.7000e-02
1, 7, 3.7500e+01, 1.1037e+00, 4.5000e-02
1, 7, 3.7500e+01, 1.0038e+00, 7.7000e-02
1, 7, 3.7500e+01, 9.1222e-01, 1.3000e-01
1, 7, 3.7500e+01, 8.3254e-01, 2.1000e-01
1, 7, 3.7500e+01, 7.5134e-01, 3.5000e-01
1, 7, 3.7500e+01, 6.6894e-01, 6.0000e-01
1, 7, 3.7500e+01, 6.0064e-01, 9.5000e-01
1, 7, 3.7500e+01, 5.1581e-01, 1.7000e+00
1, 7, 3.7500e+01, 4.3374e-01, 3.0000e+00
1, 7, 3.7500e+01, 3.5675e-01, 5.1000e+00
1, 7, 3.7500e+01, 2.8505e-01, 8.3000e+00
1, 7, 3.7500e+01, 2.2969e-01, 1.2000e+01
1, 7, 3.7500e+01, 1.5886e-01, 1.9000e+01
1, 7, 3.7500e+01, 8.5925e-02, 3.0000e+01
1, 7, 3.7500e+01, 3.8443e-02, 4.0000e+01
1, 7, 3.7500e+01, -1.5716e-02, 5.5000e+01
1, 7, 3.7500e+01, -6.2968e-02, 7.2000e+01
1, 7, 3.7500e+01, -1.0321e-01, 9.0000e+01
1, 7, 3.7500e+01, -1.2072e-01, 9.9000e+01
1, 7, 3.7500e+01, 2.0610e+00, 1.0000e-03
1, 7, 3.7500e+01, 1.8463e+00, 2.0000e-03
1, 7, 3.7500e+01, 1.5933e+00, 5.0000e-03
1, 7, 3.7500e+01, 1.4758e+00, 8.0000e-03
1, 7, 3.7500e+01, 1.4227e+00, 1.0000e-02
1, 7, 3.7500e+01, 1.3160e+00, 1.6000e-02
1, 7, 3.7500e+01, 1.2050e+00, 2.7000e-02
1, 7, 3.7500e+01, 1.1037e+00, 4.5000e-02
1, 7, 3.7500e+01, 1.0038e+00, 7.7000e-02
1, 7, 3.7500e+01, 9.1222e-01, 1.3000e-01
1, 7, 3.7500e+01, 8.3254e-01, 2.1000e-01
1, 7, 3.7500e+01, 7.5134e-01, 3.5000e-01
1, 7, 3.7500e+01, 6.6894e-01, 6.0000e-01
1, 7, 3.7500e+01, 6.0064e-01, 9.5000e-01
1, 7, 3.7500e+01, 5.1581e-01, 1.7000e+00
1, 7, 3.7500e+01, 4.3374e-01, 3.0000e+00
1, 7, 3.7500e+01, 3.5675e-01, 5.1000e+00
1, 7, 3.7500e+01, 2.8505e-01, 8.3000e+00
1, 7, 3.7500e+01, 2.2969e-01, 1.2000e+01
1, 7, 3.7500e+01, 1.5886e-01, 1.9000e+01
1, 7, 3.7500e+01, 8.5925e-02, 3.0000e+01
1, 7, 3.7500e+01, 3.8443e-02, 4.0000e+01
1, 7, 3.7500e+01, -1.5716e-02, 5.5000e+01
1, 7, 3.7500e+01, -6.2968e-02, 7.2000e+01
1, 7, 3.7500e+01, -1.0321e-01, 9.0000e+01
1, 7, 3.7500e+01, -1.2072e-01, 9.9000e+01
1, 7, 3.7500e+01, 2.0610e+00, 1.0000e-03
1, 7, 3.7500e+01, 1.8463e+00, 2.0000e-03
1, 7, 3.7500e+01, 1.5933e+00, 5.0000e-03
1, 7, 3.7500e+01, 1.4758e+00, 8.0000e-03
1, 7, 3.7500e+01, 1.4227e+00, 1.0000e-02
1, 7, 3.7500e+01, 1.3160e+00, 1.6000e-02
1, 7, 3.7500e+01, 1.2050e+00, 2.7000e-02
1, 7, 3.7500e+01, 1.1037e+00, 4.5000e-02
1, 7, 3.7500e+01, 1.0038e+00, 7.7000e-02
1, 7, 3.7500e+01, 9.1222e-01, 1.3000e-01
1, 7, 3.7500e+01, 8.3254e-01, 2.1000e-01
1, 7, 3.7500e+01, 7.5134e-01, 3.5000e-01
1, 7, 3.7500e+01, 6.6894e-01, 6.0000e-01
1, 7, 3.7500e+01, 6.0064e-01, 9.5000e-01
1, 7, 3.7500e+01, 5.1581e-01, 1.7000e+00
1, 7, 3.7500e+01, 4.3374e-01, 3.0000e+00
1, 7, 3.7500e+01, 3.5675e-01, 5.1000e+00
1, 7, 3.7500e+01, 2.8505e-01, 8.3000e+00
1, 7, 3.7500e+01, 2.2969e-01, 1.2000e+01
1, 7, 3.7500e+01, 1.5886e-01, 1.9000e+01
1, 7, 3.7500e+01, 8.5925e-02, 3.0000e+01
1, 7, 3.7500e+01, 3.8443e-02, 4.0000e+01
1, 7, 3.7500e+01, -1.5716e-02, 5.5000e+01
1, 7, 3.7500e+01, -6.2968e-02, 7.2000e+01
1, 7, 3.7500e+01, -1.0321e-01, 9.0000e+01
1, 7, 3.7500e+01, -1.2072e-01, 9.9000e+01
1, 7, 3.7500e+01, 2.0610e+00, 1.0000e-03
1, 7, 3.7500e+01, 1.8463e+00, 2.0000e-03
1, 7, 3.7500e+01, 1.5933e+00, 5.0000e-03
1, 7, 3.7500e+01, 1.4758e+00, 8.0000e-03
1, 7, 3.7500e+01, 1.4227e+00, 1.0000e-02
1, 7, 3.7500e+01, 1.3160e+00, 1.6000e-02
1, 7, 3.7500e+01, 1.2050e+00, 2.7000e-02
1, 7, 3.7500e+01, 1.1037e+00, 4.5000e-02
1, 7, 3.7500e+01, 1.0038e+00, 7.7000e-02
1, 7, 3.7500e+01, 9.1222e-01, 1.3000e-01
1, 7, 3.7500e+01, 8.3254e-01, 2.1000e-01
1, 7, 3.7500e+01, 7.5134e-01, 3.5000e-01
1, 7, 3.7500e+01, 6.6894e-01, 6.0000e-01
1, 7, 3.7500e+01, 6.0064e-01, 9.5000e-01
1, 7, 3.7500e+01, 5.1581e-01, 1.7000e+00
1, 7, 3.7500e+01, 4.3374e-01, 3.0000e+00
1, 7, 3.7500e+01, 3.5675e-01, 5.1000e+00
1, 7, 3.7500e+01, 2.8505e-01, 8.3000e+00
1, 7, 3.7500e+01, 2.2969e-01, 1.2000e+01
1, 7, 3.7500e+01, 1.5886e-01, 1.9000e+01
1, 7, 3.7500e+01, 8.5925e-02, 3.0000e+01
1, 7, 3.7500e+01, 3.8443e-02, 4.0000e+01
1, 7, 3.7500e+01, -1.5716e-02, 5.5000e+01
1, 7, 3.7500e+01, -6.2968e-02, 7.2000e+01
1, 7, 3.7500e+01, -1.0321e-01, 9.0000e+01
1, 7, 3.7500e+01, -1.2072e-01, 9.9000e+01
1, 7, 3.7500e+01, 2.0610e+00, 1.0000e-03
1, 7, 3.7500e+01, 1.8463e+00, 2.0000e-03
1, 7, 3.7500e+01, 1.5933e+00, 5.0000e-03
1, 7, 3.7500e+01, 1.4758e+00, 8.0000e-03
1, 7, 3.7500e+01, 1.4227e+00, 1.0000e-02
1, 7, 3.7500e+01, 1.3160e+00, 1.6000e-02
1, 7, 3.7500e+01, 1.2050e+00, 2.7000e-02
1, 7, 3.7500e+01, 1.1037e+00, 4.5000e-02
1, 7, 3.7500e+01, 1.0038e+00, 7.7000e-02
1, 7, 3.7500e+01, 9.1222e-01, 1.3000e-01
1, 7, 3.7500e+01, 8.3254e-01, 2.1000e-01
1, 7, 3.7500e+01, 7.5134e-01, 3.5000e-01
1, 7, 3.7500e+01, 6.6894e-01, 6.0000e-01
1, 7, 3.7500e+01, 6.0064e-01, 9.5000e-01
1, 7, 3.7500e+01, 5.1581e-01, 1.7000e+00
1, 7, 3.7500e+01, 4.3374e-01, 3.0000e+00
1, 7, 3.7500e+01, 3.5675e-01, 5.1000e+00
1, 7, 3.7500e+01, 2.8505e-01, 8.3000e+00
1, 7, 3.7500e+01, 2.2969e-01, 1.2000e+01
1, 7, 3.7500e+01, 1.5886e-01, 1.9000e+01
1, 7, 3.7500e+01, 8.5925e-02, 3.0000e+01
1, 7, 3.7500e+01, 3.8443e-02, 4.0000e+01
1, 7, 3.7500e+01, -1.5716e-02, 5.5000e+01
1, 7, 3.7500e+01, -6.2968e-02, 7.2000e+01
1, 7, 3.7500e+01, -1.0321e-01, 9.0000e+01
1, 7, 3.7500e+01, -1.2072e-01, 9.9000e+01
1, 7, 3.7500e+01, 2.0610e+00, 1.0000e-03
1, 7, 3.7500e+01, 1.8463e+00, 2.0000e-03
1, 7, 3.7500e+01, 1.5933e+00, 5.0000e-03
1, 7, 3.7500e+01, 1.4758e+00, 8.0000e-03
1, 7, 3.7500e+01, 1.4227e+00, 1.0000e-02
1, 7, 3.7500e+01, 1.3160e+00, 1.6000e-02
1, 7, 3.7500e+01, 1.2050e+00, 2.7000e-02
1, 7, 3.7500e+01, 1.1037e+00, 4.5000e-02
1, 7, 3.7500e+01, 1.0038e+00, 7.7000e-02
1, 7, 3.7500e+01, 9.1222e-01, 1.3000e-01
1, 7, 3.7500e+01, 8.3254e-01, 2.1000e-01
1, 7, 3.7500e+01, 7.5134e-01, 3.5000e-01
1, 7, 3.7500e+01, 6.6894e-01, 6.0000e-01
1, 7, 3.7500e+01, 6.0064e-01, 9.5000e-01
1, 7, 3.7500e+01, 5.1581e-01, 1.7000e+00
1, 7, 3.7500e+01, 4.3374e-01, 3.0000e+00
1, 7, 3.7500e+01, 3.5675e-01, 5.1000e+00
1, 7, 3.7500e+01, 2.8505e-01, 8.3000e+00
1, 7, 3.7500e+01, 2.2969e-01, 1.2000e+01
1, 7, 3.7500e+01, 1.5886e-01, 1.9000e+01
1, 7, 3.7500e+01, 8.5925e-02, 3.0000e+01
1, 7, 3.7500e+01, 3.8443e-02, 4.0000e+01
1, 7, 3.7500e+01, -1.5716e-02, 5.5000e+01
1, 7, 3.7500e+01, -6.2968e-02, 7.2000e+01
1, 7, 3.7500e+01, -1.0321e-01, 9.0000e+01
1, 7, 3.7500e+01, -1.2072e-01, 9.9000e+01
1, 7, 3.7500e+01, 2.0610e+00, 1.0000e-03
1, 7, 3.7500e+01, 1.8463e+00, 2.0000e-03
1, 7, 3.7500e+01, 1.5933e+00, 5.0000e-03
1, 7, 3.7500e+01, 1.4758e+00, 8.0000e-03
1, 7, 3.7500e+01, 1.4227e+00, 1.0000e-02
1, 7, 3.7500e+01, 1.3160e+00, 1.6000e-02
1, 7, 3.7500e+01, 1.2050e+00, 2.7000e-02
1, 7, 3.7500e+01, 1.1037e+00, 4.5000e-02
1, 7, 3.7500e+01, 1.0038e+00, 7.7000e-02
1, 7, 3.7500e+01, 9.1222e-01, 1.3000e-01
1, 7, 3.7500e+01, 8.3254e-01, 2.1000e-01
1, 7, 3.7500e+01, 7.5134e-01, 3.5000e-01
1, 7, 3.7500e+01, 6.6894e-01, 6.0000e-01
1, 7, 3.7500e+01, 6.0064e-01, 9.5000e-01
1, 7, 3.7500e+01, 5.1581e-01, 1.7000e+00
1, 7, 3.7500e+01, 4.3374e-01, 3.0000e+00
1, 7, 3.7500e+01, 3.5675e-01, 5.1000e+00
1, 7, 3.7500e+01, 2.8505e-01, 8.3000e+00
1, 7, 3.7500e+01, 2.2969e-01, 1.2000e+01
1, 7, 3.7500e+01, 1.5886e-01, 1.9000e+01
1, 7, 3.7500e+01, 8.5925e-02, 3.0000e+01
1, 7, 3.7500e+01, 3.8443e-02, 4.0000e+01
1, 7, 3.7500e+01, -1.5716e-02, 5.5000e+01
1, 7, 3.7500e+01, -6.2968e-02, 7.2000e+01
1, 7, 3.7500e+01, -1.0321e-01, 9.0000e+01
1, 7, 3.7500e+01, -1.2072e-01, 9.9000e+01
1, 8, 3.7500e+01, 1.7977e+00, 1.0000e-03
1, 8, 3.7500e+01, 1.6104e+00, 2.0000e-03
1, 8, 3.7500e+01, 1.3897e+00, 5.0000e-03
1, 8, 3.7500e+01, 1.2872e+00, 8.0000e-03
1, 8, 3.7500e+01, 1.2409e+00, 1.0000e-02
1, 8, 3.7500e+01, 1.1478e+00, 1.6000e-02
1, 8, 3.7500e+01, 1.0510e+00, 2.7000e-02
1, 8, 3.7500e+01, 9.6267e-01, 4.5000e-02
1, 8, 3.7500e+01, 8.7558e-01, 7.7000e-02
1, 8, 3.7500e+01, 7.9566e-01, 1.3000e-01
1, 8, 3.7500e+01, 7.2616e-01, 2.1000e-01
1, 8, 3.7500e+01, 6.5534e-01, 3.5000e-01
1, 8, 3.7500e+01, 5.8346e-01, 6.0000e-01
1, 8, 3.7500e+01, 5.2390e-01, 9.5000e-01
1, 8, 3.7500e+01, 4.4990e-01, 1.7000e+00
1, 8, 3.7500e+01, 3.7831e-01, 3.0000e+00
1, 8, 3.7500e+01, 3.1117e-01, 5.1000e+00
1, 8, 3.7500e+01, 2.4863e-01, 8.3000e+00
1, 8, 3.7500e+01, 2.0034e-01, 1.2000e+01
1, 8, 3.7500e+01, 1.3856e-01, 1.9000e+01
1, 8, 3.7500e+01, 7.4946e-02, 3.0000e+01
1, 8, 3.7500e+01, 3.3531e-02, 4.0000e+01
1, 8, 3.7500e+01, -1.3708e-02, 5.5000e+01
1, 8, 3.7500e+01, -5.4922e-02, 7.2000e+01
1, 8, 3.7500e+01, -9.0022e-02, 9.0000e+01
1, 8, 3.7500e+01, -1.0529e-01, 9.9000e+01
1, 8, 3.7500e+01, 1.7977e+00, 1.0000e-03
1, 8, 3.7500e+01, 1.6104e+00, 2.0000e-03
1, 8, 3.7500e+01, 1.3897e+00, 5.0000e-03
1, 8, 3.7500e+01, 1.2872e+00, 8.0000e-03
1, 8, 3.7500e+01, 1.2409e+00, 1.0000e-02
1, 8, 3.7500e+01, 1.1478e+00, 1.6000e-02
1, 8, 3.7500e+01, 1.0510e+00, 2.7000e-02
1, 8, 3.7500e+01, 9.6267e-01, 4.5000e-02
1, 8, 3.7500e+01, 8.7558e-01, 7.7000e-02
1, 8, 3.7500e+01, 7.9566e-01, 1.3000e-01
1, 8, 3.7500e+01, 7.2616e-01, 2.1000e-01
1, 8, 3.7500e+01, 6.5534e-01, 3.5000e-01
1, 8, 3.7500e+01, 5.8346e-01, 6.0000e-01
1, 8, 3.7500e+01, 5.2390e-01, 9.5000e-01
1, 8, 3.7500e+01, 4.4990e-01, 1.7000e+00
1, 8, 3.7500e+01, 3.7831e-01, 3.0000e+00
1, 8, 3.7500e+01, 3.1117e-01, 5.1000e+00
1, 8, 3.7500e+01, 2.4863e-01, 8.3000e+00
1, 8, 3.7500e+01, 2.0034e-01, 1.2000e+01
1, 8, 3.7500e+01, 1.3856e-01, 1.9000e+01
1, 8, 3.7500e+01, 7.4946e-02, 3.0000e+01
1, 8, 3.7500e+01, 3.3531e-02, 4.0000e+01
1, 8, 3.7500e+01, -1.3708e-02, 5.5000e+01
1, 8, 3.7500e+01, -5.4922e-02, 7.2000e+01
1, 8, 3.7500e+01, -9.0022e-02, 9.0000e+01
1, 8, 3.7500e+01, -1.0529e-01, 9.9000e+01
1, 8, 3.7500e+01, 1.7977e+00, 1.0000e-03
1, 8, 3.7500e+01, 1.6104e+00, 2.0000e-03
1, 8, 3.7500e+01, 1.3897e+00, 5.0000e-03
1, 8, 3.7500e+01, 1.2872e+00, 8.0000e-03
1, 8, 3.7500e+01, 1.2409e+00, 1.0000e-02
1, 8, 3.7500e+01, 1.1478e+00, 1.6000e-02
1, 8, 3.7500e+01, 1.0510e+00, 2.7000e-02
1, 8, 3.7500e+01, 9.6267e-01, 4.5000e-02
1, 8, 3.7500e+01, 8.7558e-01, 7.7000e-02
1, 8, 3.7500e+01, 7.9566e-01, 1.3000e-01
1, 8, 3.7500e+01, 7.2616e-01, 2.1000e-01
1, 8, 3.7500e+01, 6.5534e-01, 3.5000e-01
1, 8, 3.7500e+01, 5.8346e-01, 6.0000e-01
1, 8, 3.7500e+01, 5.2390e-01, 9.5000e-01
1, 8, 3.7500e+01, 4.4990e-01, 1.7000e+00
1, 8, 3.7500e+01, 3.7831e-01, 3.0000e+00
1, 8, 3.7500e+01, 3.1117e-01, 5.1000e+00
1, 8, 3.7500e+01, 2.4863e-01, 8.3000e+00
1, 8, 3.7500e+01, 2.0034e-01, 1.2000e+01
1, 8, 3.7500e+01, 1.3856e-01, 1.9000e+01
1, 8, 3.7500e+01, 7.4946e-02, 3.0000e+01
1, 8, 3.7500e+01, 3.3531e-02, 4.0000e+01
1, 8, 3.7500e+01, -1.3708e-02, 5.5000e+01
1, 8, 3.7500e+01, -5.4922e-02, 7.2000e+01
1, 8, 3.7500e+01, -9.0022e-02, 9.0000e+01
1, 8, 3.7500e+01, -1.0529e-01, 9.9000e+01
1, 8, 3.7500e+01, 1.7977e+00, 1.0000e-03
1, 8, 3.7500e+01, 1.6104e+00, 2.0000e-03
1, 8, 3.7500e+01, 1.3897e+00, 5.0000e-03
1, 8, 3.7500e+01, 1.2872e+00, 8.0000e-03
1, 8, 3.7500e+01, 1.2409e+00, 1.0000e-02
1, 8, 3.7500e+01, 1.1478e+00, 1.6000e-02
1, 8, 3.7500e+01, 1.0510e+00, 2.7000e-02
1, 8, 3.7500e+01, 9.6267e-01, 4.5000e-02
1, 8, 3.7500e+01, 8.7558e-01, 7.7000e-02
1, 8, 3.7500e+01, 7.9566e-01, 1.3000e-01
1, 8, 3.7500e+01, 7.2616e-01, 2.1000e-01
1, 8, 3.7500e+01, 6.5534e-01, 3.5000e-01
1, 8, 3.7500e+01, 5.8346e-01, 6.0000e-01
1, 8, 3.7500e+01, 5.2390e-01, 9.5000e-01
1, 8, 3.7500e+01, 4.4990e-01, 1.7000e+00
1, 8, 3.7500e+01, 3.7831e-01, 3.0000e+00
1, 8, 3.7500e+01, 3.1117e-01, 5.1000e+00
1, 8, 3.7500e+01, 2.4863e-01, 8.3000e+00
1, 8, 3.7500e+01, 2.0034e-01, 1.2000e+01
1, 8, 3.7500e+01, 1.3856e-01, 1.9000e+01
1, 8, 3.7500e+01, 7.4946e-02, 3.0000e+01
1, 8, 3.7500e+01, 3.3531e-02, 4.0000e+01
1, 8, 3.7500e+01, -1.3708e-02, 5.5000e+01
1, 8, 3.7500e+01, -5.4922e-02, 7.2000e+01
1, 8, 3.7500e+01, -9.0022e-02, 9.0000e+01
1, 8, 3.7500e+01, -1.0529e-01, 9.9000e+01
1, 8, 3.7500e+01, 1.7977e+00, 1.0000e-03
1, 8, 3.7500e+01, 1.6104e+00, 2.0000e-03
1, 8, 3.7500e+01, 1.3897e+00, 5.0000e-03
1, 8, 3.7500e+01, 1.2872e+00, 8.0000e-03
1, 8, 3.7500e+01, 1.2409e+00, 1.0000e-02
1, 8, 3.7500e+01, 1.1478e+00, 1.6000e-02
1, 8, 3.7500e+01, 1.0510e+00, 2.7000e-02
1, 8, 3.7500e+01, 9.6267e-01, 4.5000e-02
1, 8, 3.7500e+01, 8.7558e-01, 7.7000e-02
1, 8, 3.7500e+01, 7.9566e-01, 1.3000e-01
1, 8, 3.7500e+01, 7.2616e-01, 2.1000e-01
1, 8, 3.7500e+01, 6.5534e-01, 3.5000e-01
1, 8, 3.7500e+01, 5.8346e-01, 6.0000e-01
1, 8, 3.7500e+01, 5.2390e-01, 9.5000e-01
1, 8, 3.7500e+01, 4.4990e-01, 1.7000e+00
1, 8, 3.7500e+01, 3.7831e-01, 3.0000e+00
1, 8, 3.7500e+01, 3.1117e-01, 5.1000e+00
1, 8, 3.7500e+01, 2.4863e-01, 8.3000e+00
1, 8, 3.7500e+01, 2.0034e-01, 1.2000e+01
1, 8, 3.7500e+01, 1.3856e-01, 1.9000e+01
1, 8, 3.7500e+01, 7.4946e-02, 3.0000e+01
1, 8, 3.7500e+01, 3.3531e-02, 4.0000e+01
1, 8, 3.7500e+01, -1.3708e-02, 5.5000e+01
1, 8, 3.7500e+01, -5.4922e-02, 7.2000e+01
1, 8, 3.7500e+01, -9.0022e-02, 9.0000e+01
1, 8, 3.7500e+01, -1.0529e-01, 9.9000e+01
1, 8, 3.7500e+01, 1.7977e+00, 1.0000e-03
1, 8, 3.7500e+01, 1.6104e+00, 2.0000e-03
1, 8, 3.7500e+01, 1.3897e+00, 5.0000e-03
1, 8, 3.7500e+01, 1.2872e+00, 8.0000e-03
1, 8, 3.7500e+01, 1.2409e+00, 1.0000e-02
1, 8, 3.7500e+01, 1.1478e+00, 1.6000e-02
1, 8, 3.7500e+01, 1.0510e+00, 2.7000e-02
1, 8, 3.7500e+01, 9.6267e-01, 4.5000e-02
1, 8, 3.7500e+01, 8.7558e-01, 7.7000e-02
1, 8, 3.7500e+01, 7.9566e-01, 1.3000e-01
1, 8, 3.7500e+01, 7.2616e-01, 2.1000e-01
1, 8, 3.7500e+01, 6.5534e-01, 3.5000e-01
1, 8, 3.7500e+01, 5.8346e-01, 6.0000e-01
1, 8, 3.7500e+01, 5.2390e-01, 9.5000e-01
1, 8, 3.7500e+01, 4.4990e-01, 1.7000e+00
1, 8, 3.7500e+01, 3.7831e-01, 3.0000e+00
1, 8, 3.7500e+01, 3.1117e-01, 5.1000e+00
1, 8, 3.7500e+01, 2.4863e-01, 8.3000e+00
1, 8, 3.7500e+01, 2.0034e-01, 1.2000e+01
1, 8, 3.7500e+01, 1.3856e-01, 1.9000e+01
1, 8, 3.7500e+01, 7.4946e-02, 3.0000e+01
1, 8, 3.7500e+01, 3.3531e-02, 4.0000e+01
1, 8, 3.7500e+01, -1.3708e-02, 5.5000e+01
1, 8, 3.7500e+01, -5.4922e-02, 7.2000e+01
1, 8, 3.7500e+01, -9.0022e-02, 9.0000e+01
1, 8, 3.7500e+01, -1.0529e-01, 9.9000e+01
1, 8, 3.7500e+01, 1.7977e+00, 1.0000e-03
1, 8, 3.7500e+01, 1.6104e+00, 2.0000e-03
1, 8, 3.7500e+01, 1.3897e+00, 5.0000e-03
1, 8, 3.7500e+01, 1.2872e+00, 8.0000e-03
1, 8, 3.7500e+01, 1.2409e+00, 1.0000e-02
1, 8, 3.7500e+01, 1.1478e+00, 1.6000e-02
1, 8, 3.7500e+01, 1.0510e+00, 2.7000e-02
1, 8, 3.7500e+01, 9.6267e-01, 4.5000e-02
1, 8, 3.7500e+01, 8.7558e-01, 7.7000e-02
1, 8, 3.7500e+01, 7.9566e-01, 1.3000e-01
1, 8, 3.7500e+01, 7.2616e-01, 2.1000e-01
1, 8, 3.7500e+01, 6.5534e-01, 3.5000e-01
1, 8, 3.7500e+01, 5.8346e-01, 6.0000e-01
1, 8, 3.7500e+01, 5.2390e-01, 9.5000e-01
1, 8, 3.7500e+01, 4.4990e-01, 1.7000e+00
1, 8, 3.7500e+01, 3.7831e-01, 3.0000e+00
1, 8, 3.7500e+01, 3.1117e-01, 5.1000e+00
1, 8, 3.7500e+01, 2.4863e-01, 8.3000e+00
1, 8, 3.7500e+01, 2.0034e-01, 1.2000e+01
1, 8, 3.7500e+01, 1.3856e-01, 1.9000e+01
1, 8, 3.7500e+01, 7.4946e-02, 3.0000e+01
1, 8, 3.7500e+01, 3.3531e-02, 4.0000e+01
1, 8, 3.7500e+01, -1.3708e-02, 5.5000e+01
1, 8, 3.7500e+01, -5.4922e-02, 7.2000e+01
1, 8, 3.7500e+01, -9.0022e-02, 9.0000e+01
1, 8, 3.7500e+01, -1.0529e-01, 9.9000e+01
1, 8, 3.7500e+01, 1.7977e+00, 1.0000e-03
1, 8, 3.7500e+01, 1.6104e+00, 2.0000e-03
1, 8, 3.7500e+01, 1.3897e+00, 5.0000e-03
1, 8, 3.7500e+01, 1.2872e+00, 8.0000e-03
1, 8, 3.7500e+01, 1.2409e+00, 1.0000e-02
1, 8, 3.7500e+01, 1.1478e+00, 1.6000e-02
1, 8, 3.7500e+01, 1.0510e+00, 2.7000e-02
1, 8, 3.7500e+01, 9.6267e-01, 4.5000e-02
1, 8, 3.7500e+01, 8.7558e-01, 7.7000e-02
1, 8, 3.7500e+01, 7.9566e-01, 1.3000e-01
1, 8, 3.7500e+01, 7.2616e-01, 2.1000e-01
1, 8, 3.7500e+01, 6.5534e-01, 3.5000e-01
1, 8, 3.7500e+01, 5.8346e-01, 6.0000e-01
1, 8, 3.7500e+01, 5.2390e-01, 9.5000e-01
1, 8, 3.7500e+01, 4.4990e-01, 1.7000e+00
1, 8, 3.7500e+01, 3.7831e-01, 3.0000e+00
1, 8, 3.7500e+01, 3.1117e-01, 5.1000e+00
1, 8, 3.7500e+01, 2.4863e-01, 8.3000e+00
1, 8, 3.7500e+01, 2.0034e-01, 1.2000e+01
1, 8, 3.7500e+01, 1.3856e-01, 1.9000e+01
1, 8, 3.7500e+01, 7.4946e-02, 3.0000e+01
1, 8, 3.7500e+01, 3.3531e-02, 4.0000e+01
1, 8, 3.7500e+01, -1.3708e-02, 5.5000e+01
1, 8, 3.7500e+01, -5.4922e-02, 7.2000e+01
1, 8, 3.7500e+01, -9.0022e-02, 9.0000e+01
1, 8, 3.7500e+01, -1.0529e-01, 9.9000e+01
1, 8, 3.7500e+01, 1.7977e+00, 1.0000e-03
1, 8, 3.7500e+01, 1.6104e+00, 2.0000e-03
1, 8, 3.7500e+01, 1.3897e+00, 5.0000e-03
1, 8, 3.7500e+01, 1.2872e+00, 8.0000e-03
1, 8, 3.7500e+01, 1.2409e+00, 1.0000e-02
1, 8, 3.7500e+01, 1.1478e+00, 1.6000e-02
1, 8, 3.7500e+01, 1.0510e+00, 2.7000e-02
1, 8, 3.7500e+01, 9.6267e-01, 4.5000e-02
1, 8, 3.7500e+01, 8.7558e-01, 7.7000e-02
1, 8, 3.7500e+01, 7.9566e-01, 1.3000e-01
1, 8, 3.7500e+01, 7.2616e-01, 2.1000e-01
1, 8, 3.7500e+01, 6.5534e-01, 3.5000e-01
1, 8, 3.7500e+01, 5.8346e-01, 6.0000e-01
1, 8, 3.7500e+01, 5.2390e-01, 9.5000e-01
1, 8, 3.7500e+01, 4.4990e-01, 1.7000e+00
1, 8, 3.7500e+01, 3.7831e-01, 3.0000e+00
1, 8, 3.7500e+01, 3.1117e-01, 5.1000e+00
1, 8, 3.7500e+01, 2.4863e-01, 8.3000e+00
1, 8, 3.7500e+01, 2.0034e-01, 1.2000e+01
1, 8, 3.7500e+01, 1.3856e-01, 1.9000e+01
1, 8, 3.7500e+01, 7.4946e-02, 3.0000e+01
1, 8, 3.7500e+01, 3.3531e-02, 4.0000e+01
1, 8, 3.7500e+01, -1.3708e-02, 5.5000e+01
1, 8, 3.7500e+01, -5.4922e-02, 7.2000e+01
1, 8, 3.7500e+01, -9.0022e-02, 9.0000e+01
1, 8, 3.7500e+01, -1.0529e-01, 9.9000e+01
1, 8, 3.7500e+01, 1.7977e+00, 1.0000e-03
1, 8, 3.7500e+01, 1.6104e+00, 2.0000e-03
1, 8, 3.7500e+01, 1.3897e+00, 5.0000e-03
1, 8, 3.7500e+01, 1.2872e+00, 8.0000e-03
1, 8, 3.7500e+01, 1.2409e+00, 1.0000e-02
1, 8, 3.7500e+01, 1.1478e+00, 1.6000e-02
1, 8, 3.7500e+01, 1.0510e+00, 2.7000e-02
1, 8, 3.7500e+01, 9.6267e-01, 4.5000e-02
1, 8, 3.7500e+01, 8.7558e-01, 7.7000e-02
1, 8, 3.7500e+01, 7.9566e-01, 1.3000e-01
1, 8, 3.7500e+01, 7.2616e-01, 2.1000e-01
1, 8, 3.7500e+01, 6.5534e-01, 3.5000e-01
1, 8, 3.7500e+01, 5.8346e-01, 6.0000e-01
1, 8, 3.7500e+01, 5.2390e-01, 9.5000e-01
1, 8, 3.7500e+01, 4.4990e-01, 1.7000e+00
1, 8, 3.7500e+01, 3.7831e-01, 3.0000e+00
1, 8, 3.7500e+01, 3.1117e-01, 5.1000e+00
1, 8, 3.7500e+01, 2.4863e-01, 8.3000e+00
1, 8, 3.7500e+01, 2.0034e-01, 1.2000e+01
1, 8, 3.7500e+01, 1.3856e-01, 1.9000e+01
1, 8, 3.7500e+01, 7.4946e-02, 3.0000e+01
1, 8, 3.7500e+01, 3.3531e-02, 4.0000e+01
1, 8, 3.7500e+01, -1.3708e-02, 5.5000e+01
1, 8, 3.7500e+01, -5.4922e-02, 7.2000e+01
1, 8, 3.7500e+01, -9.0022e-02, 9.0000e+01
1, 8, 3.7500e+01, -1.0529e-01, 9.9000e+01
1, 8, 3.7500e+01, 1.7977e+00, 1.0000e-03
1, 8, 3.7500e+01, 1.6104e+00, 2.0000e-03
1, 8, 3.7500e+01, 1.3897e+00, 5.0000e-03
1, 8, 3.7500e+01, 1.2872e+00, 8.0000e-03
1, 8, 3.7500e+01, 1.2409e+00, 1.0000e-02
1, 8, 3.7500e+01, 1.1478e+00, 1.6000e-02
1, 8, 3.7500e+01, 1.0510e+00, 2.7000e-02
1, 8, 3.7500e+01, 9.6267e-01, 4.5000e-02
1, 8, 3.7500e+01, 8.7558e-01, 7.7000e-02
1, 8, 3.7500e+01, 7.9566e-01, 1.3000e-01
1, 8, 3.7500e+01, 7.2616e-01, 2.1000e-01
1, 8, 3.7500e+01, 6.5534e-01, 3.5000e-01
1, 8, 3.7500e+01, 5.8346e-01, 6.0000e-01
1, 8, 3.7500e+01, 5.2390e-01, 9.5000e-01
1, 8, 3.7500e+01, 4.4990e-01, 1.7000e+00
1, 8, 3.7500e+01, 3.7831e-01, 3.0000e+00
1, 8, 3.7500e+01, 3.1117e-01, 5.1000e+00
1, 8, 3.7500e+01, 2.4863e-01, 8.3000e+00
1, 8, 3.7500e+01, 2.0034e-01, 1.2000e+01
1, 8, 3.7500e+01, 1.3856e-01, 1.9000e+01
1, 8, 3.7500e+01, 7.4946e-02, 3.0000e+01
1, 8, 3.7500e+01, 3.3531e-02, 4.0000e+01
1, 8, 3.7500e+01, -1.3708e-02, 5.5000e+01
1, 8, 3.7500e+01, -5.4922e-02, 7.2000e+01
1, 8, 3.7500e+01, -9.0022e-02, 9.0000e+01
1, 8, 3.7500e+01, -1.0529e-01, 9.9000e+01
1, 8, 3.7500e+01, 1.7977e+00, 1.0000e-03
1, 8, 3.7500e+01, 1.6104e+00, 2.0000e-03
1, 8, 3.7500e+01, 1.3897e+00, 5.0000e-03
1, 8, 3.7500e+01, 1.2872e+00, 8.0000e-03
1, 8, 3.7500e+01, 1.2409e+00, 1.0000e-02
1, 8, 3.7500e+01, 1.1478e+00, 1.6000e-02
1, 8, 3.7500e+01, 1.0510e+00, 2.7000e-02
1, 8, 3.7500e+01, 9.6267e-01, 4.5000e-02
1, 8, 3.7500e+01, 8.7558e-01, 7.7000e-02
1, 8, 3.7500e+01, 7.9566e-01, 1.3000e-01
1, 8, 3.7500e+01, 7.2616e-01, 2.1000e-01
1, 8, 3.7500e+01, 6.5534e-01, 3.5000e-01
1, 8, 3.7500e+01, 5.8346e-01, 6.0000e-01
1, 8, 3.7500e+01, 5.2390e-01, 9.5000e-01
1, 8, 3.7500e+01, 4.4990e-01, 1.7000e+00
1, 8, 3.7500e+01, 3.7831e-01, 3.0000e+00
1, 8, 3.7500e+01, 3.1117e-01, 5.1000e+00
1, 8, 3.7500e+01, 2.4863e-01, 8.3000e+00
1, 8, 3.7500e+01, 2.0034e-01, 1.2000e+01
1, 8, 3.7500e+01, 1.3856e-01, 1.9000e+01
1, 8, 3.7500e+01, 7.4946e-02, 3.0000e+01
1, 8, 3.7500e+01, 3.3531e-02, 4.0000e+01
1, 8, 3.7500e+01, -1.3708e-02, 5.5000e+01
1, 8, 3.7500e+01, -5.4922e-02, 7.2000e+01
1, 8, 3.7500e+01, -9.0022e-02, 9.0000e+01
1, 8, 3.7500e+01, -1.0529e-01, 9.9000e+01
1, 8, 3.7500e+01, 1.7977e+00, 1.0000e-03
1, 8, 3.7500e+01, 1.6104e+00, 2.0000e-03
1, 8, 3.7500e+01, 1.3897e+00, 5.0000e-03
1, 8, 3.7500e+01, 1.2872e+00, 8.0000e-03
1, 8, 3.7500e+01, 1.2409e+00, 1.0000e-02
1, 8, 3.7500e+01, 1.1478e+00, 1.6000e-02
1, 8, 3.7500e+01, 1.0510e+00, 2.7000e-02
1, 8, 3.7500e+01, 9.6267e-01, 4.5000e-02
1, 8, 3.7500e+01, 8.7558e-01, 7.7000e-02
1, 8, 3.7500e+01, 7.9566e-01, 1.3000e-01
1, 8, 3.7500e+01, 7.2616e-01, 2.1000e-01
1, 8, 3.7500e+01, 6.5534e-01, 3.5000e-01
1, 8, 3.7500e+01, 5.8346e-01, 6.0000e-01
1, 8, 3.7500e+01, 5.2390e-01, 9.5000e-01
1, 8, 3.7500e+01, 4.4990e-01, 1.7000e+00
1, 8, 3.7500e+01, 3.7831e-01, 3.0000e+00
1, 8, 3.7500e+01, 3.1117e-01, 5.1000e+00
1, 8, 3.7500e+01, 2.4863e-01, 8.3000e+00
1, 8, 3.7500e+01, 2.0034e-01, 1.2000e+01
1, 8, 3.7500e+01, 1.3856e-01, 1.9000e+01
1, 8, 3.7500e+01, 7.4946e-02, 3.0000e+01
1, 8, 3.7500e+01, 3.3531e-02, 4.0000e+01
1, 8, 3.7500e+01, -1.3708e-02, 5.5000e+01
1, 8, 3.7500e+01, -5.4922e-02, 7.2000e+01
1, 8, 3.7500e+01, -9.0022e-02, 9.0000e+01
1, 8, 3.7500e+01, -1.0529e-01, 9.9000e+01
1, 8, 3.7500e+01, 1.7977e+00, 1.0000e-03
1, 8, 3.7500e+01, 1.6104e+00, 2.0000e-03
1, 8, 3.7500e+01, 1.3897e+00, 5.0000e-03
1, 8, 3.7500e+01, 1.2872e+00, 8.0000e-03
1, 8, 3.7500e+01, 1.2409e+00, 1.0000e-02
1, 8, 3.7500e+01, 1.1478e+00, 1.6000e-02
1, 8, 3.7500e+01, 1.0510e+00, 2.7000e-02
1, 8, 3.7500e+01, 9.6267e-01, 4.5000e-02
1, 8, 3.7500e+01, 8.7558e-01, 7.7000e-02
1, 8, 3.7500e+01, 7.9566e-01, 1.3000e-01
1, 8, 3.7500e+01, 7.2616e-01, 2.1000e-01
1, 8, 3.7500e+01, 6.5534e-01, 3.5000e-01
1, 8, 3.7500e+01, 5.8346e-01, 6.0000e-01
1, 8, 3.7500e+01, 5.2390e-01, 9.5000e-01
1, 8, 3.7500e+01, 4.4990e-01, 1.7000e+00
1, 8, 3.7500e+01, 3.7831e-01, 3.0000e+00
1, 8, 3.7500e+01, 3.1117e-01, 5.1000e+00
1, 8, 3.7500e+01, 2.4863e-01, 8.3000e+00
1, 8, 3.7500e+01, 2.0034e-01, 1.2000e+01
1, 8, 3.7500e+01, 1.3856e-01, 1.9000e+01
1, 8, 3.7500e+01, 7.4946e-02, 3.0000e+01
1, 8, 3.7500e+01, 3.3531e-02, 4.0000e+01
1, 8, 3.7500e+01, -1.3708e-02, 5.5000e+01
1, 8, 3.7500e+01, -5.4922e-02, 7.2000e+01
1, 8, 3.7500e+01, -9.0022e-02, 9.0000e+01
1, 8, 3.7500e+01, -1.0529e-01, 9.9000e+01
1, 8, 3.7500e+01, 1.7977e+00, 1.0000e-03
1, 8, 3.7500e+01, 1.6104e+00, 2.0000e-03
1, 8, 3.7500e+01, 1.3897e+00, 5.0000e-03
1, 8, 3.7500e+01, 1.2872e+00, 8.0000e-03
1, 8, 3.7500e+01, 1.2409e+00, 1.0000e-02
1, 8, 3.7500e+01, 1.1478e+00, 1.6000e-02
1, 8, 3.7500e+01, 1.0510e+00, 2.7000e-02
1, 8, 3.7500e+01, 9.6267e-01, 4.5000e-02
1, 8, 3.7500e+01, 8.7558e-01, 7.7000e-02
1, 8, 3.7500e+01, 7.9566e-01, 1.3000e-01
1, 8, 3.7500e+01, 7.2616e-01, 2.1000e-01
1, 8, 3.7500e+01, 6.5534e-01, 3.5000e-01
1, 8, 3.7500e+01, 5.8346e-01, 6.0000e-01
1, 8, 3.7500e+01, 5.2390e-01, 9.5000e-01
1, 8, 3.7500e+01, 4.4990e-01, 1.7000e+00
1, 8, 3.7500e+01, 3.7831e-01, 3.0000e+00
1, 8, 3.7500e+01, 3.1117e-01, 5.1000e+00
1, 8, 3.7500e+01, 2.4863e-01, 8.3000e+00
1, 8, 3.7500e+01, 2.0034e-01, 1.2000e+01
1, 8, 3.7500e+01, 1.3856e-01, 1.9000e+01
1, 8, 3.7500e+01, 7.4946e-02, 3.0000e+01
1, 8, 3.7500e+01, 3.3531e-02, 4.0000e+01
1, 8, 3.7500e+01, -1.3708e-02, 5.5000e+01
1, 8, 3.7500e+01, -5.4922e-02, 7.2000e+01
1, 8, 3.7500e+01, -9.0022e-02, 9.0000e+01
1, 8, 3.7500e+01, -1.0529e-01, 9.9000e+01
1, 8, 3.7500e+01, 1.7977e+00, 1.0000e-03
1, 8, 3.7500e+01, 1.6104e+00, 2.0000e-03
1, 8, 3.7500e+01, 1.3897e+00, 5.0000e-03
1, 8, 3.7500e+01, 1.2872e+00, 8.0000e-03
1, 8, 3.7500e+01, 1.2409e+00, 1.0000e-02
1, 8, 3.7500e+01, 1.1478e+00, 1.6000e-02
1, 8, 3.7500e+01, 1.0510e+00, 2.7000e-02
1, 8, 3.7500e+01, 9.6267e-01, 4.5000e-02
1, 8, 3.7500e+01, 8.7558e-01, 7.7000e-02
1, 8, 3.7500e+01, 7.9566e-01, 1.3000e-01
1, 8, 3.7500e+01, 7.2616e-01, 2.1000e-01
1, 8, 3.7500e+01, 6.5534e-01, 3.5000e-01
1, 8, 3.7500e+01, 5.8346e-01, 6.0000e-01
1, 8, 3.7500e+01, 5.2390e-01, 9.5000e-01
1, 8, 3.7500e+01, 4.4990e-01, 1.7000e+00
1, 8, 3.7500e+01, 3.7831e-01, 3.0000e+00
1, 8, 3.7500e+01, 3.1117e-01, 5.1000e+00
1, 8, 3.7500e+01, 2.4863e-01, 8.3000e+00
1, 8, 3.7500e+01, 2.0034e-01, 1.2000e+01
1, 8, 3.7500e+01, 1.3856e-01, 1.9000e+01
1, 8, 3.7500e+01, 7.4946e-02, 3.0000e+01
1, 8, 3.7500e+01, 3.3531e-02, 4.0000e+01
1, 8, 3.7500e+01, -1.3708e-02, 5.5000e+01
1, 8, 3.7500e+01, -5.4922e-02, 7.2000e+01
1, 8, 3.7500e+01, -9.0022e-02, 9.0000e+01
1, 8, 3.7500e+01, -1.0529e-01, 9.9000e+01
1, 8, 3.7500e+01, 1.7977e+00, 1.0000e-03
1, 8, 3.7500e+01, 1.6104e+00, 2.0000e-03
1, 8, 3.7500e+01, 1.3897e+00, 5.0000e-03
1, 8, 3.7500e+01, 1.2872e+00, 8.0000e-03
1, 8, 3.7500e+01, 1.2409e+00, 1.0000e-02
1, 8, 3.7500e+01, 1.1478e+00, 1.6000e-02
1, 8, 3.7500e+01, 1.0510e+00, 2.7000e-02
1, 8, 3.7500e+01, 9.6267e-01, 4.5000e-02
1, 8, 3.7500e+01, 8.7558e-01, 7.7000e-02
1, 8, 3.7500e+01, 7.9566e-01, 1.3000e-01
1, 8, 3.7500e+01, 7.2616e-01, 2.1000e-01
1, 8, 3.7500e+01, 6.5534e-01, 3.5000e-01
1, 8, 3.7500e+01, 5.8346e-01, 6.0000e-01
1, 8, 3.7500e+01, 5.2390e-01, 9.5000e-01
1, 8, 3.7500e+01, 4.4990e-01, 1.7000e+00
1, 8, 3.7500e+01, 3.7831e-01, 3.0000e+00
1, 8, 3.7500e+01, 3.1117e-01, 5.1000e+00
1, 8, 3.7500e+01, 2.4863e-01, 8.3000e+00
1, 8, 3.7500e+01, 2.0034e-01, 1.2000e+01
1, 8, 3.7500e+01, 1.3856e-01, 1.9000e+01
1, 8, 3.7500e+01, 7.4946e-02, 3.0000e+01
1, 8, 3.7500e+01, 3.3531e-02, 4.0000e+01
1, 8, 3.7500e+01, -1.3708e-02, 5.5000e+01
1, 8, 3.7500e+01, -5.4922e-02, 7.2000e+01
1, 8, 3.7500e+01, -9.0022e-02, 9.0000e+01
1, 8, 3.7500e+01, -1.0529e-01, 9.9000e+01
1, 8, 3.7500e+01, 1.7977e+00, 1.0000e-03
1, 8, 3.7500e+01, 1.6104e+00, 2.0000e-03
1, 8, 3.7500e+01, 1.3897e+00, 5.0000e-03
1, 8, 3.7500e+01, 1.2872e+00, 8.0000e-03
1, 8, 3.7500e+01, 1.2409e+00, 1.0000e-02
1, 8, 3.7500e+01, 1.1478e+00, 1.6000e-02
1, 8, 3.7500e+01, 1.0510e+00, 2.7000e-02
1, 8, 3.7500e+01, 9.6267e-01, 4.5000e-02
1, 8, 3.7500e+01, 8.7558e-01, 7.7000e-02
1, 8, 3.7500e+01, 7.9566e-01, 1.3000e-01
1, 8, 3.7500e+01, 7.2616e-01, 2.1000e-01
1, 8, 3.7500e+01, 6.5534e-01, 3.5000e-01
1, 8, 3.7500e+01, 5.8346e-01, 6.0000e-01
1, 8, 3.7500e+01, 5.2390e-01, 9.5000e-01
1, 8, 3.7500e+01, 4.4990e-01, 1.7000e+00
1, 8, 3.7500e+01, 3.7831e-01, 3.0000e+00
1, 8, 3.7500e+01, 3.1117e-01, 5.1000e+00
1, 8, 3.7500e+01, 2.4863e-01, 8.3000e+00
1, 8, 3.7500e+01, 2.0034e-01, 1.2000e+01
1, 8, 3.7500e+01, 1.3856e-01, 1.9000e+01
1, 8, 3.7500e+01, 7.4946e-02, 3.0000e+01
1, 8, 3.7500e+01, 3.3531e-02, 4.0000e+01
1, 8, 3.7500e+01, -1.3708e-02, 5.5000e+01
1, 8, 3.7500e+01, -5.4922e-02, 7.2000e+01
1, 8, 3.7500e+01, -9.0022e-02, 9.0000e+01
1, 8, 3.7500e+01, -1.0529e-01, 9.9000e+01
1, 8, 3.7500e+01, 1.7977e+00, 1.0000e-03
1, 8, 3.7500e+01, 1.6104e+00, 2.0000e-03
1, 8, 3.7500e+01, 1.3897e+00, 5.0000e-03
1, 8, 3.7500e+01, 1.2872e+00, 8.0000e-03
1, 8, 3.7500e+01, 1.2409e+00, 1.0000e-02
1, 8, 3.7500e+01, 1.1478e+00, 1.6000e-02
1, 8, 3.7500e+01, 1.0510e+00, 2.7000e-02
1, 8, 3.7500e+01, 9.6267e-01, 4.5000e-02
1, 8, 3.7500e+01, 8.7558e-01, 7.7000e-02
1, 8, 3.7500e+01, 7.9566e-01, 1.3000e-01
1, 8, 3.7500e+01, 7.2616e-01, 2.1000e-01
1, 8, 3.7500e+01, 6.5534e-01, 3.5000e-01
1, 8, 3.7500e+01, 5.8346e-01, 6.0000e-01
1, 8, 3.7500e+01, 5.2390e-01, 9.5000e-01
1, 8, 3.7500e+01, 4.4990e-01, 1.7000e+00
1, 8, 3.7500e+01, 3.7831e-01, 3.0000e+00
1, 8, 3.7500e+01, 3.1117e-01, 5.1000e+00
1, 8, 3.7500e+01, 2.4863e-01, 8.3000e+00
1, 8, 3.7500e+01, 2.0034e-01, 1.2000e+01
1, 8, 3.7500e+01, 1.3856e-01, 1.9000e+01
1, 8, 3.7500e+01, 7.4946e-02, 3.0000e+01
1, 8, 3.7500e+01, 3.3531e-02, 4.0000e+01
1, 8, 3.7500e+01, -1.3708e-02, 5.5000e+01
1, 8, 3.7500e+01, -5.4922e-02, 7.2000e+01
1, 8, 3.7500e+01, -9.0022e-02, 9.0000e+01
1, 8, 3.7500e+01, -1.0529e-01, 9.9000e+01
1, 8, 3.7500e+01, 1.7977e+00, 1.0000e-03
1, 8, 3.7500e+01, 1.6104e+00, 2.0000e-03
1, 8, 3.7500e+01, 1.3897e+00, 5.0000e-03
1, 8, 3.7500e+01, 1.2872e+00, 8.0000e-03
1, 8, 3.7500e+01, 1.2409e+00, 1.0000e-02
1, 8, 3.7500e+01, 1.1478e+00, 1.6000e-02
1, 8, 3.7500e+01, 1.0510e+00, 2.7000e-02
1, 8, 3.7500e+01, 9.6267e-01, 4.5000e-02
1, 8, 3.7500e+01, 8.7558e-01, 7.7000e-02
1, 8, 3.7500e+01, 7.9566e-01, 1.3000e-01
1, 8, 3.7500e+01, 7.2616e-01, 2.1000e-01
1, 8, 3.7500e+01, 6.5534e-01, 3.5000e-01
1, 8, 3.7500e+01, 5.8346e-01, 6.0000e-01
1, 8, 3.7500e+01, 5.2390e-01, 9.5000e-01
1, 8, 3.7500e+01, 4.4990e-01, 1.7000e+00
1, 8, 3.7500e+01, 3.7831e-01, 3.0000e+00
1, 8, 3.7500e+01, 3.1117e-01, 5.1000e+00
1, 8, 3.7500e+01, 2.4863e-01, 8.3000e+00
1, 8, 3.7500e+01, 2.0034e-01, 1.2000e+01
1, 8, 3.7500e+01, 1.3856e-01, 1.9000e+01
1, 8, 3.7500e+01, 7.4946e-02, 3.0000e+01
1, 8, 3.7500e+01, 3.3531e-02, 4.0000e+01
1, 8, 3.7500e+01, -1.3708e-02, 5.5000e+01
1, 8, 3.7500e+01, -5.4922e-02, 7.2000e+01
1, 8, 3.7500e+01, -9.0022e-02, 9.0000e+01
1, 8, 3.7500e+01, -1.0529e-01, 9.9000e+01
1, 8, 3.7500e+01, 1.7977e+00, 1.0000e-03
1, 8, 3.7500e+01, 1.6104e+00, 2.0000e-03
1, 8, 3.7500e+01, 1.3897e+00, 5.0000e-03
1, 8, 3.7500e+01, 1.2872e+00, 8.0000e-03
1, 8, 3.7500e+01, 1.2409e+00, 1.0000e-02
1, 8, 3.7500e+01, 1.1478e+00, 1.6000e-02
1, 8, 3.7500e+01, 1.0510e+00, 2.7000e-02
1, 8, 3.7500e+01, 9.6267e-01, 4.5000e-02
1, 8, 3.7500e+01, 8.7558e-01, 7.7000e-02
1, 8, 3.7500e+01, 7.9566e-01, 1.3000e-01
1, 8, 3.7500e+01, 7.2616e-01, 2.1000e-01
1, 8, 3.7500e+01, 6.5534e-01, 3.5000e-01
1, 8, 3.7500e+01, 5.8346e-01, 6.0000e-01
1, 8, 3.7500e+01, 5.2390e-01, 9.5000e-01
1, 8, 3.7500e+01, 4.4990e-01, 1.7000e+00
1, 8, 3.7500e+01, 3.7831e-01, 3.0000e+00
1, 8, 3.7500e+01, 3.1117e-01, 5.1000e+00
1, 8, 3.7500e+01, 2.4863e-01, 8.3000e+00
1, 8, 3.7500e+01, 2.0034e-01, 1.2000e+01
1, 8, 3.7500e+01, 1.3856e-01, 1.9000e+01
1, 8, 3.7500e+01, 7.4946e-02, 3.0000e+01
1, 8, 3.7500e+01, 3.3531e-02, 4.0000e+01
1, 8, 3.7500e+01, -1.3708e-02, 5.5000e+01
1, 8, 3.7500e+01, -5.4922e-02, 7.2000e+01
1, 8, 3.7500e+01, -9.0022e-02, 9.0000e+01
1, 8, 3.7500e+01, -1.0529e-01, 9.9000e+01
1, 8, 3.7500e+01, 1.7977e+00, 1.0000e-03
1, 8, 3.7500e+01, 1.6104e+00, 2.0000e-03
1, 8, 3.7500e+01, 1.3897e+00, 5.0000e-03
1, 8, 3.7500e+01, 1.2872e+00, 8.0000e-03
1, 8, 3.7500e+01, 1.2409e+00, 1.0000e-02
1, 8, 3.7500e+01, 1.1478e+00, 1.6000e-02
1, 8, 3.7500e+01, 1.0510e+00, 2.7000e-02
1, 8, 3.7500e+01, 9.6267e-01, 4.5000e-02
1, 8, 3.7500e+01, 8.7558e-01, 7.7000e-02
1, 8, 3.7500e+01, 7.9566e-01, 1.3000e-01
1, 8, 3.7500e+01, 7.2616e-01, 2.1000e-01
1, 8, 3.7500e+01, 6.5534e-01, 3.5000e-01
1, 8, 3.7500e+01, 5.8346e-01, 6.0000e-01
1, 8, 3.7500e+01, 5.2390e-01, 9.5000e-01
1, 8, 3.7500e+01, 4.4990e-01, 1.7000e+00
1, 8, 3.7500e+01, 3.7831e-01, 3.0000e+00
1, 8, 3.7500e+01, 3.1117e-01, 5.1000e+00
1, 8, 3.7500e+01, 2.4863e-01, 8.3000e+00
1, 8, 3.7500e+01, 2.0034e-01, 1.2000e+01
1, 8, 3.7500e+01, 1.3856e-01, 1.9000e+01
1, 8, 3.7500e+01, 7.4946e-02, 3.0000e+01
1, 8, 3.7500e+01, 3.3531e-02, 4.0000e+01
1, 8, 3.7500e+01, -1.3708e-02, 5.5000e+01
1, 8, 3.7500e+01, -5.4922e-02, 7.2000e+01
1, 8, 3.7500e+01, -9.0022e-02, 9.0000e+01
1, 8, 3.7500e+01, -1.0529e-01, 9.9000e+01
1, 8, 3.7500e+01, 1.7977e+00, 1.0000e-03
1, 8, 3.7500e+01, 1.6104e+00, 2.0000e-03
1, 8, 3.7500e+01, 1.3897e+00, 5.0000e-03
1, 8, 3.7500e+01, 1.2872e+00, 8.0000e-03
1, 8, 3.7500e+01, 1.2409e+00, 1.0000e-02
1, 8, 3.7500e+01, 1.1478e+00, 1.6000e-02
1, 8, 3.7500e+01, 1.0510e+00, 2.7000e-02
1, 8, 3.7500e+01, 9.6267e-01, 4.5000e-02
1, 8, 3.7500e+01, 8.7558e-01, 7.7000e-02
1, 8, 3.7500e+01, 7.9566e-01, 1.3000e-01
1, 8, 3.7500e+01, 7.2616e-01, 2.1000e-01
1, 8, 3.7500e+01, 6.5534e-01, 3.5000e-01
1, 8, 3.7500e+01, 5.8346e-01, 6.0000e-01
1, 8, 3.7500e+01, 5.2390e-01, 9.5000e-01
1, 8, 3.7500e+01, 4.4990e-01, 1.7000e+00
1, 8, 3.7500e+01, 3.7831e-01, 3.0000e+00
1, 8, 3.7500e+01, 3.1117e-01, 5.1000e+00
1, 8, 3.7500e+01, 2.4863e-01, 8.3000e+00
1, 8, 3.7500e+01, 2.0034e-01, 1.2000e+01
1, 8, 3.7500e+01, 1.3856e-01, 1.9000e+01
1, 8, 3.7500e+01, 7.4946e-02, 3.0000e+01
1, 8, 3.7500e+01, 3.3531e-02, 4.0000e+01
1, 8, 3.7500e+01, -1.3708e-02, 5.5000e+01
1, 8, 3.7500e+01, -5.4922e-02, 7.2000e+01
1, 8, 3.7500e+01, -9.0022e-02, 9.0000e+01
1, 8, 3.7500e+01, -1.0529e-01, 9.9000e+01
1, 8, 3.7500e+01, 1.7977e+00, 1.0000e-03
1, 8, 3.7500e+01, 1.6104e+00, 2.0000e-03
1, 8, 3.7500e+01, 1.3897e+00, 5.0000e-03
1, 8, 3.7500e+01, 1.2872e+00, 8.0000e-03
1, 8, 3.7500e+01, 1.2409e+00, 1.0000e-02
1, 8, 3.7500e+01, 1.1478e+00, 1.6000e-02
1, 8, 3.7500e+01, 1.0510e+00, 2.7000e-02
1, 8, 3.7500e+01, 9.6267e-01, 4.5000e-02
1, 8, 3.7500e+01, 8.7558e-01, 7.7000e-02
1, 8, 3.7500e+01, 7.9566e-01, 1.3000e-01
1, 8, 3.7500e+01, 7.2616e-01, 2.1000e-01
1, 8, 3.7500e+01, 6.5534e-01, 3.5000e-01
1, 8, 3.7500e+01, 5.8346e-01, 6.0000e-01
1, 8, 3.7500e+01, 5.2390e-01, 9.5000e-01
1, 8, 3.7500e+01, 4.4990e-01, 1.7000e+00
1, 8, 3.7500e+01, 3.7831e-01, 3.0000e+00
1, 8, 3.7500e+01, 3.1117e-01, 5.1000e+00
1, 8, 3.7500e+01, 2.4863e-01, 8.3000e+00
1, 8, 3.7500e+01, 2.0034e-01, 1.2000e+01
1, 8, 3.7500e+01, 1.3856e-01, 1.9000e+01
1, 8, 3.7500e+01, 7.4946e-02, 3.0000e+01
1, 8, 3.7500e+01, 3.3531e-02, 4.0000e+01
1, 8, 3.7500e+01, -1.3708e-02, 5.5000e+01
1, 8, 3.7500e+01, -5.4922e-02, 7.2000e+01
1, 8, 3.7500e+01, -9.0022e-02, 9.0000e+01
1, 8, 3.7500e+01, -1.0529e-01, 9.9000e+01
1, 8, 3.7500e+01, 1.7977e+00, 1.0000e-03
1, 8, 3.7500e+01, 1.6104e+00, 2.0000e-03
1, 8, 3.7500e+01, 1.3897e+00, 5.0000e-03
1, 8, 3.7500e+01, 1.2872e+00, 8.0000e-03
1, 8, 3.7500e+01, 1.2409e+00, 1.0000e-02
1, 8, 3.7500e+01, 1.1478e+00, 1.6000e-02
1, 8, 3.7500e+01, 1.0510e+00, 2.7000e-02
1, 8, 3.7500e+01, 9.6267e-01, 4.5000e-02
1, 8, 3.7500e+01, 8.7558e-01, 7.7000e-02
1, 8, 3.7500e+01, 7.9566e-01, 1.3000e-01
1, 8, 3.7500e+01, 7.2616e-01, 2.1000e-01
1, 8, 3.7500e+01, 6.5534e-01, 3.5000e-01
1, 8, 3.7500e+01, 5.8346e-01, 6.0000e-01
1, 8, 3.7500e+01, 5.2390e-01, 9.5000e-01
1, 8, 3.7500e+01, 4.4990e-01, 1.7000e+00
1, 8, 3.7500e+01, 3.7831e-01, 3.0000e+00
1, 8, 3.7500e+01, 3.1117e-01, 5.1000e+00
1, 8, 3.7500e+01, 2.4863e-01, 8.3000e+00
1, 8, 3.7500e+01, 2.0034e-01, 1.2000e+01
1, 8, 3.7500e+01, 1.3856e-01, 1.9000e+01
1, 8, 3.7500e+01, 7.4946e-02, 3.0000e+01
1, 8, 3.7500e+01, 3.3531e-02, 4.0000e+01
1, 8, 3.7500e+01, -1.3708e-02, 5.5000e+01
1, 8, 3.7500e+01, -5.4922e-02, 7.2000e+01
1, 8, 3.7500e+01, -9.0022e-02, 9.0000e+01
1, 8, 3.7500e+01, -1.0529e-01, 9.9000e+01
1, 8, 3.7500e+01, 1.7977e+00, 1.0000e-03
1, 8, 3.7500e+01, 1.6104e+00, 2.0000e-03
1, 8, 3.7500e+01, 1.3897e+00, 5.0000e-03
1, 8, 3.7500e+01, 1.2872e+00, 8.0000e-03
1, 8, 3.7500e+01, 1.2409e+00, 1.0000e-02
1, 8, 3.7500e+01, 1.1478e+00, 1.6000e-02
1, 8, 3.7500e+01, 1.0510e+00, 2.7000e-02
1, 8, 3.7500e+01, 9.6267e-01, 4.5000e-02
1, 8, 3.7500e+01, 8.7558e-01, 7.7000e-02
1, 8, 3.7500e+01, 7.9566e-01, 1.3000e-01
1, 8, 3.7500e+01, 7.2616e-01, 2.1000e-01
1, 8, 3.7500e+01, 6.5534e-01, 3.5000e-01
1, 8, 3.7500e+01, 5.8346e-01, 6.0000e-01
1, 8, 3.7500e+01, 5.2390e-01, 9.5000e-01
1, 8, 3.7500e+01, 4.4990e-01, 1.7000e+00
1, 8, 3.7500e+01, 3.7831e-01, 3.0000e+00
1, 8, 3.7500e+01, 3.1117e-01, 5.1000e+00
1, 8, 3.7500e+01, 2.4863e-01, 8.3000e+00
1, 8, 3.7500e+01, 2.0034e-01, 1.2000e+01
1, 8, 3.7500e+01, 1.3856e-01, 1.9000e+01
1, 8, 3.7500e+01, 7.4946e-02, 3.0000e+01
1, 8, 3.7500e+01, 3.3531e-02, 4.0000e+01
1, 8, 3.7500e+01, -1.3708e-02, 5.5000e+01
1, 8, 3.7500e+01, -5.4922e-02, 7.2000e+01
1, 8, 3.7500e+01, -9.0022e-02, 9.0000e+01
1, 8, 3.7500e+01, -1.0529e-01, 9.9000e+01
1, 9, 3.7500e+01, 1.6033e+00, 1.0000e-03
1, 9, 3.7500e+01, 1.4363e+00, 2.0000e-03
1, 9, 3.7500e+01, 1.2394e+00, 5.0000e-03
1, 9, 3.7500e+01, 1.1480e+00, 8.0000e-03
1, 9, 3.7500e+01, 1.1067e+00, 1.0000e-02
1, 9, 3.7500e+01, 1.0237e+00, 1.6000e-02
1, 9, 3.7500e+01, 9.3737e-01, 2.7000e-02
1, 9, 3.7500e+01, 8.5857e-01, 4.5000e-02
1, 9, 3.7500e+01, 7.8090e-01, 7.7000e-02
1, 9, 3.7500e+01, 7.0962e-01, 1.3000e-01
1, 9, 3.7500e+01, 6.4764e-01, 2.1000e-01
1, 9, 3.7500e+01, 5.8448e-01, 3.5000e-01
1, 9, 3.7500e+01, 5.2037e-01, 6.0000e-01
1, 9, 3.7500e+01, 4.6724e-01, 9.5000e-01
1, 9, 3.7500e+01, 4.0125e-01, 1.7000e+00
1, 9, 3.7500e+01, 3.3741e-01, 3.0000e+00
1, 9, 3.7500e+01, 2.7752e-01, 5.1000e+00
1, 9, 3.7500e+01, 2.2175e-01, 8.3000e+00
1, 9, 3.7500e+01, 1.7868e-01, 1.2000e+01
1, 9, 3.7500e+01, 1.2358e-01, 1.9000e+01
1, 9, 3.7500e+01, 6.6842e-02, 3.0000e+01
1, 9, 3.7500e+01, 2.9905e-02, 4.0000e+01
1, 9, 3.7500e+01, -1.2225e-02, 5.5000e+01
1, 9, 3.7500e+01, -4.8983e-02, 7.2000e+01
1, 9, 3.7500e+01, -8.0288e-02, 9.0000e+01
1, 9, 3.7500e+01, -9.3907e-02, 9.9000e+01
1, 9, 3.7500e+01, 1.6033e+00, 1.0000e-03
1, 9, 3.7500e+01, 1.4363e+00, 2.0000e-03
1, 9, 3.7500e+01, 1.2394e+00, 5.0000e-03
1, 9, 3.7500e+01, 1.1480e+00, 8.0000e-03
1, 9, 3.7500e+01, 1.1067e+00, 1.0000e-02
1, 9, 3.7500e+01, 1.0237e+00, 1.6000e-02
1, 9, 3.7500e+01, 9.3737e-01, 2.7000e-02
1, 9, 3.7500e+01, 8.5857e-01, 4.5000e-02
1, 9, 3.7500e+01, 7.8090e-01, 7.7000e-02
1, 9, 3.7500e+01, 7.0962e-01, 1.3000e-01
1, 9, 3.7500e+01, 6.4764e-01, 2.1000e-01
1, 9, 3.7500e+01, 5.8448e-01, 3.5000e-01
1, 9, 3.7500e+01, 5.2037e-01, 6.0000e-01
1, 9, 3.7500e+01, 4.6724e-01, 9.5000e-01
1, 9, 3.7500e+01, 4.0125e-01, 1.7000e+00
1, 9, 3.7500e+01, 3.3741e-01, 3.0000e+00
1, 9, 3.7500e+01, 2.7752e-01, 5.1000e+00
1, 9, 3.7500e+01, 2.2175e-01, 8.3000e+00
1, 9, 3.7500e+01, 1.7868e-01, 1.2000e+01
1, 9, 3.7500e+01, 1.2358e-01, 1.9000e+01
1, 9, 3.7500e+01, 6.6842e-02, 3.0000e+01
1, 9, 3.7500e+01, 2.9905e-02, 4.0000e+01
1, 9, 3.7500e+01, -1.2225e-02, 5.5000e+01
1, 9, 3.7500e+01, -4.8983e-02, 7.2000e+01
1, 9, 3.7500e+01, -8.0288e-02, 9.0000e+01
1, 9, 3.7500e+01, -9.3907e-02, 9.9000e+01
1, 9, 3.7500e+01, 1.6033e+00, 1.0000e-03
1, 9, 3.7500e+01, 1.4363e+00, 2.0000e-03
1, 9, 3.7500e+01, 1.2394e+00, 5.0000e-03
1, 9, 3.7500e+01, 1.1480e+00, 8.0000e-03
1, 9, 3.7500e+01, 1.1067e+00, 1.0000e-02
1, 9, 3.7500e+01, 1.0237e+00, 1.6000e-02
1, 9, 3.7500e+01, 9.3737e-01, 2.7000e-02
1, 9, 3.7500e+01, 8.5857e-01, 4.5000e-02
1, 9, 3.7500e+01, 7.8090e-01, 7.7000e-02
1, 9, 3.7500e+01, 7.0962e-01, 1.3000e-01
1, 9, 3.7500e+01, 6.4764e-01, 2.1000e-01
1, 9, 3.7500e+01, 5.8448e-01, 3.5000e-01
1, 9, 3.7500e+01, 5.2037e-01, 6.0000e-01
1, 9, 3.7500e+01, 4.6724e-01, 9.5000e-01
1, 9, 3.7500e+01, 4.0125e-01, 1.7000e+00
1, 9, 3.7500e+01, 3.3741e-01, 3.0000e+00
1, 9, 3.7500e+01, 2.7752e-01, 5.1000e+00
1, 9, 3.7500e+01, 2.2175e-01, 8.3000e+00
1, 9, 3.7500e+01, 1.7868e-01, 1.2000e+01
1, 9, 3.7500e+01, 1.2358e-01, 1.9000e+01
1, 9, 3.7500e+01, 6.6842e-02, 3.0000e+01
1, 9, 3.7500e+01, 2.9905e-02, 4.0000e+01
1, 9, 3.7500e+01, -1.2225e-02, 5.5000e+01
1, 9, 3.7500e+01, -4.8983e-02, 7.2000e+01
1, 9, 3.7500e+01, -8.0288e-02, 9.0000e+01
1, 9, 3.7500e+01, -9.3907e-02, 9.9000e+01
1, 9, 3.7500e+01, 1.6033e+00, 1.0000e-03
1, 9, 3.7500e+01, 1.4363e+00, 2.0000e-03
1, 9, 3.7500e+01, 1.2394e+00, 5.0000e-03
1, 9, 3.7500e+01, 1.1480e+00, 8.0000e-03
1, 9, 3.7500e+01, 1.1067e+00, 1.0000e-02
1, 9, 3.7500e+01, 1.0237e+00, 1.6000e-02
1, 9, 3.7500e+01, 9.3737e-01, 2.7000e-02
1, 9, 3.7500e+01, 8.5857e-01, 4.5000e-02
1, 9, 3.7500e+01, 7.8090e-01, 7.7000e-02
1, 9, 3.7500e+01, 7.0962e-01, 1.3000e-01
1, 9, 3.7500e+01, 6.4764e-01, 2.1000e-01
1, 9, 3.7500e+01, 5.8448e-01, 3.5000e-01
1, 9, 3.7500e+01, 5.2037e-01, 6.0000e-01
1, 9, 3.7500e+01, 4.6724e-01, 9.5000e-01
1, 9, 3.7500e+01, 4.0125e-01, 1.7000e+00
1, 9, 3.7500e+01, 3.3741e-01, 3.0000e+00
1, 9, 3.7500e+01, 2.7752e-01, 5.1000e+00
1, 9, 3.7500e+01, 2.2175e-01, 8.3000e+00
1, 9, 3.7500e+01, 1.7868e-01, 1.2000e+01
1, 9, 3.7500e+01, 1.2358e-01, 1.9000e+01
1, 9, 3.7500e+01, 6.6842e-02, 3.0000e+01
1, 9, 3.7500e+01, 2.9905e-02, 4.0000e+01
1, 9, 3.7500e+01, -1.2225e-02, 5.5000e+01
1, 9, 3.7500e+01, -4.8983e-02, 7.2000e+01
1, 9, 3.7500e+01, -8.0288e-02, 9.0000e+01
1, 9, 3.7500e+01, -9.3907e-02, 9.9000e+01
1, 9, 3.7500e+01, 1.6033e+00, 1.0000e-03
1, 9, 3.7500e+01, 1.4363e+00, 2.0000e-03
1, 9, 3.7500e+01, 1.2394e+00, 5.0000e-03
1, 9, 3.7500e+01, 1.1480e+00, 8.0000e-03
1, 9, 3.7500e+01, 1.1067e+00, 1.0000e-02
1, 9, 3.7500e+01, 1.0237e+00, 1.6000e-02
1, 9, 3.7500e+01, 9.3737e-01, 2.7000e-02
1, 9, 3.7500e+01, 8.5857e-01, 4.5000e-02
1, 9, 3.7500e+01, 7.8090e-01, 7.7000e-02
1, 9, 3.7500e+01, 7.0962e-01, 1.3000e-01
1, 9, 3.7500e+01, 6.4764e-01, 2.1000e-01
1, 9, 3.7500e+01, 5.8448e-01, 3.5000e-01
1, 9, 3.7500e+01, 5.2037e-01, 6.0000e-01
1, 9, 3.7500e+01, 4.6724e-01, 9.5000e-01
1, 9, 3.7500e+01, 4.0125e-01, 1.7000e+00
1, 9, 3.7500e+01, 3.3741e-01, 3.0000e+00
1, 9, 3.7500e+01, 2.7752e-01, 5.1000e+00
1, 9, 3.7500e+01, 2.2175e-01, 8.3000e+00
1, 9, 3.7500e+01, 1.7868e-01, 1.2000e+01
1, 9, 3.7500e+01, 1.2358e-01, 1.9000e+01
1, 9, 3.7500e+01, 6.6842e-02, 3.0000e+01
1, 9, 3.7500e+01, 2.9905e-02, 4.0000e+01
1, 9, 3.7500e+01, -1.2225e-02, 5.5000e+01
1, 9, 3.7500e+01, -4.8983e-02, 7.2000e+01
1, 9, 3.7500e+01, -8.0288e-02, 9.0000e+01
1, 9, 3.7500e+01, -9.3907e-02, 9.9000e+01
1, 9, 3.7500e+01, 1.6033e+00, 1.0000e-03
1, 9, 3.7500e+01, 1.4363e+00, 2.0000e-03
1, 9, 3.7500e+01, 1.2394e+00, 5.0000e-03
1, 9, 3.7500e+01, 1.1480e+00, 8.0000e-03
1, 9, 3.7500e+01, 1.1067e+00, 1.0000e-02
1, 9, 3.7500e+01, 1.0237e+00, 1.6000e-02
1, 9, 3.7500e+01, 9.3737e-01, 2.7000e-02
1, 9, 3.7500e+01, 8.5857e-01, 4.5000e-02
1, 9, 3.7500e+01, 7.8090e-01, 7.7000e-02
1, 9, 3.7500e+01, 7.0962e-01, 1.3000e-01
1, 9, 3.7500e+01, 6.4764e-01, 2.1000e-01
1, 9, 3.7500e+01, 5.8448e-01, 3.5000e-01
1, 9, 3.7500e+01, 5.2037e-01, 6.0000e-01
1, 9, 3.7500e+01, 4.6724e-01, 9.5000e-01
1, 9, 3.7500e+01, 4.0125e-01, 1.7000e+00
1, 9, 3.7500e+01, 3.3741e-01, 3.0000e+00
1, 9, 3.7500e+01, 2.7752e-01, 5.1000e+00
1, 9, 3.7500e+01, 2.2175e-01, 8.3000e+00
1, 9, 3.7500e+01, 1.7868e-01, 1.2000e+01
1, 9, 3.7500e+01, 1.2358e-01, 1.9000e+01
1, 9, 3.7500e+01, 6.6842e-02, 3.0000e+01
1, 9, 3.7500e+01, 2.9905e-02, 4.0000e+01
1, 9, 3.7500e+01, -1.2225e-02, 5.5000e+01
1, 9, 3.7500e+01, -4.8983e-02, 7.2000e+01
1, 9, 3.7500e+01, -8.0288e-02, 9.0000e+01
1, 9, 3.7500e+01, -9.3907e-02, 9.9000e+01
1, 9, 3.7500e+01, 1.6033e+00, 1.0000e-03
1, 9, 3.7500e+01, 1.4363e+00, 2.0000e-03
1, 9, 3.7500e+01, 1.2394e+00, 5.0000e-03
1, 9, 3.7500e+01, 1.1480e+00, 8.0000e-03
1, 9, 3.7500e+01, 1.1067e+00, 1.0000e-02
1, 9, 3.7500e+01, 1.0237e+00, 1.6000e-02
1, 9, 3.7500e+01, 9.3737e-01, 2.7000e-02
1, 9, 3.7500e+01, 8.5857e-01, 4.5000e-02
1, 9, 3.7500e+01, 7.8090e-01, 7.7000e-02
1, 9, 3.7500e+01, 7.0962e-01, 1.3000e-01
1, 9, 3.7500e+01, 6.4764e-01, 2.1000e-01
1, 9, 3.7500e+01, 5.8448e-01, 3.5000e-01
1, 9, 3.7500e+01, 5.2037e-01, 6.0000e-01
1, 9, 3.7500e+01, 4.6724e-01, 9.5000e-01
1, 9, 3.7500e+01, 4.0125e-01, 1.7000e+00
1, 9, 3.7500e+01, 3.3741e-01, 3.0000e+00
1, 9, 3.7500e+01, 2.7752e-01, 5.1000e+00
1, 9, 3.7500e+01, 2.2175e-01, 8.3000e+00
1, 9, 3.7500e+01, 1.7868e-01, 1.2000e+01
1, 9, 3.7500e+01, 1.2358e-01, 1.9000e+01
1, 9, 3.7500e+01, 6.6842e-02, 3.0000e+01
1, 9, 3.7500e+01, 2.9905e-02, 4.0000e+01
1, 9, 3.7500e+01, -1.2225e-02, 5.5000e+01
1, 9, 3.7500e+01, -4.8983e-02, 7.2000e+01
1, 9, 3.7500e+01, -8.0288e-02, 9.0000e+01
1, 9, 3.7500e+01, -9.3907e-02, 9.9000e+01
1, 9, 3.7500e+01, 1.6033e+00, 1.0000e-03
1, 9, 3.7500e+01, 1.4363e+00, 2.0000e-03
1, 9, 3.7500e+01, 1.2394e+00, 5.0000e-03
1, 9, 3.7500e+01, 1.1480e+00, 8.0000e-03
1, 9, 3.7500e+01, 1.1067e+00, 1.0000e-02
1, 9, 3.7500e+01, 1.0237e+00, 1.6000e-02
1, 9, 3.7500e+01, 9.3737e-01, 2.7000e-02
1, 9, 3.7500e+01, 8.5857e-01, 4.5000e-02
1, 9, 3.7500e+01, 7.8090e-01, 7.7000e-02
1, 9, 3.7500e+01, 7.0962e-01, 1.3000e-01
1, 9, 3.7500e+01, 6.4764e-01, 2.1000e-01
1, 9, 3.7500e+01, 5.8448e-01, 3.5000e-01
1, 9, 3.7500e+01, 5.2037e-01, 6.0000e-01
1, 9, 3.7500e+01, 4.6724e-01, 9.5000e-01
1, 9, 3.7500e+01, 4.0125e-01, 1.7000e+00
1, 9, 3.7500e+01, 3.3741e-01, 3.0000e+00
1, 9, 3.7500e+01, 2.7752e-01, 5.1000e+00
1, 9, 3.7500e+01, 2.2175e-01, 8.3000e+00
1, 9, 3.7500e+01, 1.7868e-01, 1.2000e+01
1, 9, 3.7500e+01, 1.2358e-01, 1.9000e+01
1, 9, 3.7500e+01, 6.6842e-02, 3.0000e+01
1, 9, 3.7500e+01, 2.9905e-02, 4.0000e+01
1, 9, 3.7500e+01, -1.2225e-02, 5.5000e+01
1, 9, 3.7500e+01, -4.8983e-02, 7.2000e+01
1, 9, 3.7500e+01, -8.0288e-02, 9.0000e+01
1, 9, 3.7500e+01, -9.3907e-02, 9.9000e+01
1, 9, 3.7500e+01, 1.6033e+00, 1.0000e-03
1, 9, 3.7500e+01, 1.4363e+00, 2.0000e-03
1, 9, 3.7500e+01, 1.2394e+00, 5.0000e-03
1, 9, 3.7500e+01, 1.1480e+00, 8.0000e-03
1, 9, 3.7500e+01, 1.1067e+00, 1.0000e-02
1, 9, 3.7500e+01, 1.0237e+00, 1.6000e-02
1, 9, 3.7500e+01, 9.3737e-01, 2.7000e-02
1, 9, 3.7500e+01, 8.5857e-01, 4.5000e-02
1, 9, 3.7500e+01, 7.8090e-01, 7.7000e-02
1, 9, 3.7500e+01, 7.0962e-01, 1.3000e-01
1, 9, 3.7500e+01, 6.4764e-01, 2.1000e-01
1, 9, 3.7500e+01, 5.8448e-01, 3.5000e-01
1, 9, 3.7500e+01, 5.2037e-01, 6.0000e-01
1, 9, 3.7500e+01, 4.6724e-01, 9.5000e-01
1, 9, 3.7500e+01, 4.0125e-01, 1.7000e+00
1, 9, 3.7500e+01, 3.3741e-01, 3.0000e+00
1, 9, 3.7500e+01, 2.7752e-01, 5.1000e+00
1, 9, 3.7500e+01, 2.2175e-01, 8.3000e+00
1, 9, 3.7500e+01, 1.7868e-01, 1.2000e+01
1, 9, 3.7500e+01, 1.2358e-01, 1.9000e+01
1, 9, 3.7500e+01, 6.6842e-02, 3.0000e+01
1, 9, 3.7500e+01, 2.9905e-02, 4.0000e+01
1, 9, 3.7500e+01, -1.2225e-02, 5.5000e+01
1, 9, 3.7500e+01, -4.8983e-02, 7.2000e+01
1, 9, 3.7500e+01, -8.0288e-02, 9.0000e+01
1, 9, 3.7500e+01, -9.3907e-02, 9.9000e+01
1, 9, 3.7500e+01, 1.6033e+00, 1.0000e-03
1, 9, 3.7500e+01, 1.4363e+00, 2.0000e-03
1, 9, 3.7500e+01, 1.2394e+00, 5.0000e-03
1, 9, 3.7500e+01, 1.1480e+00, 8.0000e-03
1, 9, 3.7500e+01, 1.1067e+00, 1.0000e-02
1, 9, 3.7500e+01, 1.0237e+00, 1.6000e-02
1, 9, 3.7500e+01, 9.3737e-01, 2.7000e-02
1, 9, 3.7500e+01, 8.5857e-01, 4.5000e-02
1, 9, 3.7500e+01, 7.8090e-01, 7.7000e-02
1, 9, 3.7500e+01, 7.0962e-01, 1.3000e-01
1, 9, 3.7500e+01, 6.4764e-01, 2.1000e-01
1, 9, 3.7500e+01, 5.8448e-01, 3.5000e-01
1, 9, 3.7500e+01, 5.2037e-01, 6.0000e-01
1, 9, 3.7500e+01, 4.6724e-01, 9.5000e-01
1, 9, 3.7500e+01, 4.0125e-01, 1.7000e+00
1, 9, 3.7500e+01, 3.3741e-01, 3.0000e+00
1, 9, 3.7500e+01, 2.7752e-01, 5.1000e+00
1, 9, 3.7500e+01, 2.2175e-01, 8.3000e+00
1, 9, 3.7500e+01, 1.7868e-01, 1.2000e+01
1, 9, 3.7500e+01, 1.2358e-01, 1.9000e+01
1, 9, 3.7500e+01, 6.6842e-02, 3.0000e+01
1, 9, 3.7500e+01, 2.9905e-02, 4.0000e+01
1, 9, 3.7500e+01, -1.2225e-02, 5.5000e+01
1, 9, 3.7500e+01, -4.8983e-02, 7.2000e+01
1, 9, 3.7500e+01, -8.0288e-02, 9.0000e+01
1, 9, 3.7500e+01, -9.3907e-02, 9.9000e+01
1, 9, 3.7500e+01, 1.6033e+00, 1.0000e-03
1, 9, 3.7500e+01, 1.4363e+00, 2.0000e-03
1, 9, 3.7500e+01, 1.2394e+00, 5.0000e-03
1, 9, 3.7500e+01, 1.1480e+00, 8.0000e-03
1, 9, 3.7500e+01, 1.1067e+00, 1.0000e-02
1, 9, 3.7500e+01, 1.0237e+00, 1.6000e-02
1, 9, 3.7500e+01, 9.3737e-01, 2.7000e-02
1, 9, 3.7500e+01, 8.5857e-01, 4.5000e-02
1, 9, 3.7500e+01, 7.8090e-01, 7.7000e-02
1, 9, 3.7500e+01, 7.0962e-01, 1.3000e-01
1, 9, 3.7500e+01, 6.4764e-01, 2.1000e-01
1, 9, 3.7500e+01, 5.8448e-01, 3.5000e-01
1, 9, 3.7500e+01, 5.2037e-01, 6.0000e-01
1, 9, 3.7500e+01, 4.6724e-01, 9.5000e-01
1, 9, 3.7500e+01, 4.0125e-01, 1.7000e+00
1, 9, 3.7500e+01, 3.3741e-01, 3.0000e+00
1, 9, 3.7500e+01, 2.7752e-01, 5.1000e+00
1, 9, 3.7500e+01, 2.2175e-01, 8.3000e+00
1, 9, 3.7500e+01, 1.7868e-01, 1.2000e+01
1, 9, 3.7500e+01, 1.2358e-01, 1.9000e+01
1, 9, 3.7500e+01, 6.6842e-02, 3.0000e+01
1, 9, 3.7500e+01, 2.9905e-02, 4.0000e+01
1, 9, 3.7500e+01, -1.2225e-02, 5.5000e+01
1, 9, 3.7500e+01, -4.8983e-02, 7.2000e+01
1, 9, 3.7500e+01, -8.0288e-02, 9.0000e+01
1, 9, 3.7500e+01, -9.3907e-02, 9.9000e+01
1, 9, 3.7500e+01, 1.6033e+00, 1.0000e-03
1, 9, 3.7500e+01, 1.4363e+00, 2.0000e-03
1, 9, 3.7500e+01, 1.2394e+00, 5.0000e-03
1, 9, 3.7500e+01, 1.1480e+00, 8.0000e-03
1, 9, 3.7500e+01, 1.1067e+00, 1.0000e-02
1, 9, 3.7500e+01, 1.0237e+00, 1.6000e-02
1, 9, 3.7500e+01, 9.3737e-01, 2.7000e-02
1, 9, 3.7500e+01, 8.5857e-01, 4.5000e-02
1, 9, 3.7500e+01, 7.8090e-01, 7.7000e-02
1, 9, 3.7500e+01, 7.0962e-01, 1.3000e-01
1, 9, 3.7500e+01, 6.4764e-01, 2.1000e-01
1, 9, 3.7500e+01, 5.8448e-01, 3.5000e-01
1, 9, 3.7500e+01, 5.2037e-01, 6.0000e-01
1, 9, 3.7500e+01, 4.6724e-01, 9.5000e-01
1, 9, 3.7500e+01, 4.0125e-01, 1.7000e+00
1, 9, 3.7500e+01, 3.3741e-01, 3.0000e+00
1, 9, 3.7500e+01, 2.7752e-01, 5.1000e+00
1, 9, 3.7500e+01, 2.2175e-01, 8.3000e+00
1, 9, 3.7500e+01, 1.7868e-01, 1.2000e+01
1, 9, 3.7500e+01, 1.2358e-01, 1.9000e+01
1, 9, 3.7500e+01, 6.6842e-02, 3.0000e+01
1, 9, 3.7500e+01, 2.9905e-02, 4.0000e+01
1, 9, 3.7500e+01, -1.2225e-02, 5.5000e+01
1, 9, 3.7500e+01, -4.8983e-02, 7.2000e+01
1, 9, 3.7500e+01, -8.0288e-02, 9.0000e+01
1, 9, 3.7500e+01, -9.3907e-02, 9.9000e+01
1, 9, 3.7500e+01, 1.6033e+00, 1.0000e-03
1, 9, 3.7500e+01, 1.4363e+00, 2.0000e-03
1, 9, 3.7500e+01, 1.2394e+00, 5.0000e-03
1, 9, 3.7500e+01, 1.1480e+00, 8.0000e-03
1, 9, 3.7500e+01, 1.1067e+00, 1.0000e-02
1, 9, 3.7500e+01, 1.0237e+00, 1.6000e-02
1, 9, 3.7500e+01, 9.3737e-01, 2.7000e-02
1, 9, 3.7500e+01, 8.5857e-01, 4.5000e-02
1, 9, 3.7500e+01, 7.8090e-01, 7.7000e-02
1, 9, 3.7500e+01, 7.0962e-01, 1.3000e-01
1, 9, 3.7500e+01, 6.4764e-01, 2.1000e-01
1, 9, 3.7500e+01, 5.8448e-01, 3.5000e-01
1, 9, 3.7500e+01, 5.2037e-01, 6.0000e-01
1, 9, 3.7500e+01, 4.6724e-01, 9.5000e-01
1, 9, 3.7500e+01, 4.0125e-01, 1.7000e+00
1, 9, 3.7500e+01, 3.3741e-01, 3.0000e+00
1, 9, 3.7500e+01, 2.7752e-01, 5.1000e+00
1, 9, 3.7500e+01, 2.2175e-01, 8.3000e+00
1, 9, 3.7500e+01, 1.7868e-01, 1.2000e+01
1, 9, 3.7500e+01, 1.2358e-01, 1.9000e+01
1, 9, 3.7500e+01, 6.6842e-02, 3.0000e+01
1, 9, 3.7500e+01, 2.9905e-02, 4.0000e+01
1, 9, 3.7500e+01, -1.2225e-02, 5.5000e+01
1, 9, 3.7500e+01, -4.8983e-02, 7.2000e+01
1, 9, 3.7500e+01, -8.0288e-02, 9.0000e+01
1, 9, 3.7500e+01, -9.3907e-02, 9.9000e+01
1, 9, 3.7500e+01, 1.6033e+00, 1.0000e-03
1, 9, 3.7500e+01, 1.4363e+00, 2.0000e-03
1, 9, 3.7500e+01, 1.2394e+00, 5.0000e-03
1, 9, 3.7500e+01, 1.1480e+00, 8.0000e-03
1, 9, 3.7500e+01, 1.1067e+00, 1.0000e-02
1, 9, 3.7500e+01, 1.0237e+00, 1.6000e-02
1, 9, 3.7500e+01, 9.3737e-01, 2.7000e-02
1, 9, 3.7500e+01, 8.5857e-01, 4.5000e-02
1, 9, 3.7500e+01, 7.8090e-01, 7.7000e-02
1, 9, 3.7500e+01, 7.0962e-01, 1.3000e-01
1, 9, 3.7500e+01, 6.4764e-01, 2.1000e-01
1, 9, 3.7500e+01, 5.8448e-01, 3.5000e-01
1, 9, 3.7500e+01, 5.2037e-01, 6.0000e-01
1, 9, 3.7500e+01, 4.6724e-01, 9.5000e-01
1, 9, 3.7500e+01, 4.0125e-01, 1.7000e+00
1, 9, 3.7500e+01, 3.3741e-01, 3.0000e+00
1, 9, 3.7500e+01, 2.7752e-01, 5.1000e+00
1, 9, 3.7500e+01, 2.2175e-01, 8.3000e+00
1, 9, 3.7500e+01, 1.7868e-01, 1.2000e+01
1, 9, 3.7500e+01, 1.2358e-01, 1.9000e+01
1, 9, 3.7500e+01, 6.6842e-02, 3.0000e+01
1, 9, 3.7500e+01, 2.9905e-02, 4.0000e+01
1, 9, 3.7500e+01, -1.2225e-02, 5.5000e+01
1, 9, 3.7500e+01, -4.8983e-02, 7.2000e+01
1, 9, 3.7500e+01, -8.0288e-02, 9.0000e+01
1, 9, 3.7500e+01, -9.3907e-02, 9.9000e+01
1, 9, 3.7500e+01, 1.6033e+00, 1.0000e-03
1, 9, 3.7500e+01, 1.4363e+00, 2.0000e-03
1, 9, 3.7500e+01, 1.2394e+00, 5.0000e-03
1, 9, 3.7500e+01, 1.1480e+00, 8.0000e-03
1, 9, 3.7500e+01, 1.1067e+00, 1.0000e-02
1, 9, 3.7500e+01, 1.0237e+00, 1.6000e-02
1, 9, 3.7500e+01, 9.3737e-01, 2.7000e-02
1, 9, 3.7500e+01, 8.5857e-01, 4.5000e-02
1, 9, 3.7500e+01, 7.8090e-01, 7.7000e-02
1, 9, 3.7500e+01, 7.0962e-01, 1.3000e-01
1, 9, 3.7500e+01, 6.4764e-01, 2.1000e-01
1, 9, 3.7500e+01, 5.8448e-01, 3.5000e-01
1, 9, 3.7500e+01, 5.2037e-01, 6.0000e-01
1, 9, 3.7500e+01, 4.6724e-01, 9.5000e-01
1, 9, 3.7500e+01, 4.0125e-01, 1.7000e+00
1, 9, 3.7500e+01, 3.3741e-01, 3.0000e+00
1, 9, 3.7500e+01, 2.7752e-01, 5.1000e+00
1, 9, 3.7500e+01, 2.2175e-01, 8.3000e+00
1, 9, 3.7500e+01, 1.7868e-01, 1.2000e+01
1, 9, 3.7500e+01, 1.2358e-01, 1.9000e+01
1, 9, 3.7500e+01, 6.6842e-02, 3.0000e+01
1, 9, 3.7500e+01, 2.9905e-02, 4.0000e+01
1, 9, 3.7500e+01, -1.2225e-02, 5.5000e+01
1, 9, 3.7500e+01, -4.8983e-02, 7.2000e+01
1, 9, 3.7500e+01, -8.0288e-02, 9.0000e+01
1, 9, 3.7500e+01, -9.3907e-02, 9.9000e+01
1, 9, 3.7500e+01, 1.6033e+00, 1.0000e-03
1, 9, 3.7500e+01, 1.4363e+00, 2.0000e-03
1, 9, 3.7500e+01, 1.2394e+00, 5.0000e-03
1, 9, 3.7500e+01, 1.1480e+00, 8.0000e-03
1, 9, 3.7500e+01, 1.1067e+00, 1.0000e-02
1, 9, 3.7500e+01, 1.0237e+00, 1.6000e-02
1, 9, 3.7500e+01, 9.3737e-01, 2.7000e-02
1, 9, 3.7500e+01, 8.5857e-01, 4.5000e-02
1, 9, 3.7500e+01, 7.8090e-01, 7.7000e-02
1, 9, 3.7500e+01, 7.0962e-01, 1.3000e-01
1, 9, 3.7500e+01, 6.4764e-01, 2.1000e-01
1, 9, 3.7500e+01, 5.8448e-01, 3.5000e-01
1, 9, 3.7500e+01, 5.2037e-01, 6.0000e-01
1, 9, 3.7500e+01, 4.6724e-01, 9.5000e-01
1, 9, 3.7500e+01, 4.0125e-01, 1.7000e+00
1, 9, 3.7500e+01, 3.3741e-01, 3.0000e+00
1, 9, 3.7500e+01, 2.7752e-01, 5.1000e+00
1, 9, 3.7500e+01, 2.2175e-01, 8.3000e+00
1, 9, 3.7500e+01, 1.7868e-01, 1.2000e+01
1, 9, 3.7500e+01, 1.2358e-01, 1.9000e+01
1, 9, 3.7500e+01, 6.6842e-02, 3.0000e+01
1, 9, 3.7500e+01, 2.9905e-02, 4.0000e+01
1, 9, 3.7500e+01, -1.2225e-02, 5.5000e+01
1, 9, 3.7500e+01, -4.8983e-02, 7.2000e+01
1, 9, 3.7500e+01, -8.0288e-02, 9.0000e+01
1, 9, 3.7500e+01, -9.3907e-02, 9.9000e+01
1, 9, 3.7500e+01, 1.6033e+00, 1.0000e-03
1, 9, 3.7500e+01, 1.4363e+00, 2.0000e-03
1, 9, 3.7500e+01, 1.2394e+00, 5.0000e-03
1, 9, 3.7500e+01, 1.1480e+00, 8.0000e-03
1, 9, 3.7500e+01, 1.1067e+00, 1.0000e-02
1, 9, 3.7500e+01, 1.0237e+00, 1.6000e-02
1, 9, 3.7500e+01, 9.3737e-01, 2.7000e-02
1, 9, 3.7500e+01, 8.5857e-01, 4.5000e-02
1, 9, 3.7500e+01, 7.8090e-01, 7.7000e-02
1, 9, 3.7500e+01, 7.0962e-01, 1.3000e-01
1, 9, 3.7500e+01, 6.4764e-01, 2.1000e-01
1, 9, 3.7500e+01, 5.8448e-01, 3.5000e-01
1, 9, 3.7500e+01, 5.2037e-01, 6.0000e-01
1, 9, 3.7500e+01, 4.6724e-01, 9.5000e-01
1, 9, 3.7500e+01, 4.0125e-01, 1.7000e+00
1, 9, 3.7500e+01, 3.3741e-01, 3.0000e+00
1, 9, 3.7500e+01, 2.7752e-01, 5.1000e+00
1, 9, 3.7500e+01, 2.2175e-01, 8.3000e+00
1, 9, 3.7500e+01, 1.7868e-01, 1.2000e+01
1, 9, 3.7500e+01, 1.2358e-01, 1.9000e+01
1, 9, 3.7500e+01, 6.6842e-02, 3.0000e+01
1, 9, 3.7500e+01, 2.9905e-02, 4.0000e+01
1, 9, 3.7500e+01, -1.2225e-02, 5.5000e+01
1, 9, 3.7500e+01, -4.8983e-02, 7.2000e+01
1, 9, 3.7500e+01, -8.0288e-02, 9.0000e+01
1, 9, 3.7500e+01, -9.3907e-02, 9.9000e+01
1, 9, 3.7500e+01, 1.6033e+00, 1.0000e-03
1, 9, 3.7500e+01, 1.4363e+00, 2.0000e-03
1, 9, 3.7500e+01, 1.2394e+00, 5.0000e-03
1, 9, 3.7500e+01, 1.1480e+00, 8.0000e-03
1, 9, 3.7500e+01, 1.1067e+00, 1.0000e-02
1, 9, 3.7500e+01, 1.0237e+00, 1.6000e-02
1, 9, 3.7500e+01, 9.3737e-01, 2.7000e-02
1, 9, 3.7500e+01, 8.5857e-01, 4.5000e-02
1, 9, 3.7500e+01, 7.8090e-01, 7.7000e-02
1, 9, 3.7500e+01, 7.0962e-01, 1.3000e-01
1, 9, 3.7500e+01, 6.4764e-01, 2.1000e-01
1, 9, 3.7500e+01, 5.8448e-01, 3.5000e-01
1, 9, 3.7500e+01, 5.2037e-01, 6.0000e-01
1, 9, 3.7500e+01, 4.6724e-01, 9.5000e-01
1, 9, 3.7500e+01, 4.0125e-01, 1.7000e+00
1, 9, 3.7500e+01, 3.3741e-01, 3.0000e+00
1, 9, 3.7500e+01, 2.7752e-01, 5.1000e+00
1, 9, 3.7500e+01, 2.2175e-01, 8.3000e+00
1, 9, 3.7500e+01, 1.7868e-01, 1.2000e+01
1, 9, 3.7500e+01, 1.2358e-01, 1.9000e+01
1, 9, 3.7500e+01, 6.6842e-02, 3.0000e+01
1, 9, 3.7500e+01, 2.9905e-02, 4.0000e+01
1, 9, 3.7500e+01, -1.2225e-02, 5.5000e+01
1, 9, 3.7500e+01, -4.8983e-02, 7.2000e+01
1, 9, 3.7500e+01, -8.0288e-02, 9.0000e+01
1, 9, 3.7500e+01, -9.3907e-02, 9.9000e+01
1, 9, 3.7500e+01, 1.6033e+00, 1.0000e-03
1, 9, 3.7500e+01, 1.4363e+00, 2.0000e-03
1, 9, 3.7500e+01, 1.2394e+00, 5.0000e-03
1, 9, 3.7500e+01, 1.1480e+00, 8.0000e-03
1, 9, 3.7500e+01, 1.1067e+00, 1.0000e-02
1, 9, 3.7500e+01, 1.0237e+00, 1.6000e-02
1, 9, 3.7500e+01, 9.3737e-01, 2.7000e-02
1, 9, 3.7500e+01, 8.5857e-01, 4.5000e-02
1, 9, 3.7500e+01, 7.8090e-01, 7.7000e-02
1, 9, 3.7500e+01, 7.0962e-01, 1.3000e-01
1, 9, 3.7500e+01, 6.4764e-01, 2.1000e-01
1, 9, 3.7500e+01, 5.8448e-01, 3.5000e-01
1, 9, 3.7500e+01, 5.2037e-01, 6.0000e-01
1, 9, 3.7500e+01, 4.6724e-01, 9.5000e-01
1, 9, 3.7500e+01, 4.0125e-01, 1.7000e+00
1, 9, 3.7500e+01, 3.3741e-01, 3.0000e+00
1, 9, 3.7500e+01, 2.7752e-01, 5.1000e+00
1, 9, 3.7500e+01, 2.2175e-01, 8.3000e+00
1, 9, 3.7500e+01, 1.7868e-01, 1.2000e+01
1, 9, 3.7500e+01, 1.2358e-01, 1.9000e+01
1, 9, 3.7500e+01, 6.6842e-02, 3.0000e+01
1, 9, 3.7500e+01, 2.9905e-02, 4.0000e+01
1, 9, 3.7500e+01, -1.2225e-02, 5.5000e+01
1, 9, 3.7500e+01, -4.8983e-02, 7.2000e+01
1, 9, 3.7500e+01, -8.0288e-02, 9.0000e+01
1, 9, 3.7500e+01, -9.3907e-02, 9.9000e+01
1, 9, 3.7500e+01, 1.6033e+00, 1.0000e-03
1, 9, 3.7500e+01, 1.4363e+00, 2.0000e-03
1, 9, 3.7500e+01, 1.2394e+00, 5.0000e-03
1, 9, 3.7500e+01, 1.1480e+00, 8.0000e-03
1, 9, 3.7500e+01, 1.1067e+00, 1.0000e-02
1, 9, 3.7500e+01, 1.0237e+00, 1.6000e-02
1, 9, 3.7500e+01, 9.3737e-01, 2.7000e-02
1, 9, 3.7500e+01, 8.5857e-01, 4.5000e-02
1, 9, 3.7500e+01, 7.8090e-01, 7.7000e-02
1, 9, 3.7500e+01, 7.0962e-01, 1.3000e-01
1, 9, 3.7500e+01, 6.4764e-01, 2.1000e-01
1, 9, 3.7500e+01, 5.8448e-01, 3.5000e-01
1, 9, 3.7500e+01, 5.2037e-01, 6.0000e-01
1, 9, 3.7500e+01, 4.6724e-01, 9.5000e-01
1, 9, 3.7500e+01, 4.0125e-01, 1.7000e+00
1, 9, 3.7500e+01, 3.3741e-01, 3.0000e+00
1, 9, 3.7500e+01, 2.7752e-01, 5.1000e+00
1, 9, 3.7500e+01, 2.2175e-01, 8.3000e+00
1, 9, 3.7500e+01, 1.7868e-01, 1.2000e+01
1, 9, 3.7500e+01, 1.2358e-01, 1.9000e+01
1, 9, 3.7500e+01, 6.6842e-02, 3.0000e+01
1, 9, 3.7500e+01, 2.9905e-02, 4.0000e+01
1, 9, 3.7500e+01, -1.2225e-02, 5.5000e+01
1, 9, 3.7500e+01, -4.8983e-02, 7.2000e+01
1, 9, 3.7500e+01, -8.0288e-02, 9.0000e+01
1, 9, 3.7500e+01, -9.3907e-02, 9.9000e+01
1, 9, 3.7500e+01, 1.6033e+00, 1.0000e-03
1, 9, 3.7500e+01, 1.4363e+00, 2.0000e-03
1, 9, 3.7500e+01, 1.2394e+00, 5.0000e-03
1, 9, 3.7500e+01, 1.1480e+00, 8.0000e-03
1, 9, 3.7500e+01, 1.1067e+00, 1.0000e-02
1, 9, 3.7500e+01, 1.0237e+00, 1.6000e-02
1, 9, 3.7500e+01, 9.3737e-01, 2.7000e-02
1, 9, 3.7500e+01, 8.5857e-01, 4.5000e-02
1, 9, 3.7500e+01, 7.8090e-01, 7.7000e-02
1, 9, 3.7500e+01, 7.0962e-01, 1.3000e-01
1, 9, 3.7500e+01, 6.4764e-01, 2.1000e-01
1, 9, 3.7500e+01, 5.8448e-01, 3.5000e-01
1, 9, 3.7500e+01, 5.2037e-01, 6.0000e-01
1, 9, 3.7500e+01, 4.6724e-01, 9.5000e-01
1, 9, 3.7500e+01, 4.0125e-01, 1.7000e+00
1, 9, 3.7500e+01, 3.3741e-01, 3.0000e+00
1, 9, 3.7500e+01, 2.7752e-01, 5.1000e+00
1, 9, 3.7500e+01, 2.2175e-01, 8.3000e+00
1, 9, 3.7500e+01, 1.7868e-01, 1.2000e+01
1, 9, 3.7500e+01, 1.2358e-01, 1.9000e+01
1, 9, 3.7500e+01, 6.6842e-02, 3.0000e+01
1, 9, 3.7500e+01, 2.9905e-02, 4.0000e+01
1, 9, 3.7500e+01, -1.2225e-02, 5.5000e+01
1, 9, 3.7500e+01, -4.8983e-02, 7.2000e+01
1, 9, 3.7500e+01, -8.0288e-02, 9.0000e+01
1, 9, 3.7500e+01, -9.3907e-02, 9.9000e+01
1, 9, 3.7500e+01, 1.6033e+00, 1.0000e-03
1, 9, 3.7500e+01, 1.4363e+00, 2.0000e-03
1, 9, 3.7500e+01, 1.2394e+00, 5.0000e-03
1, 9, 3.7500e+01, 1.1480e+00, 8.0000e-03
1, 9, 3.7500e+01, 1.1067e+00, 1.0000e-02
1, 9, 3.7500e+01, 1.0237e+00, 1.6000e-02
1, 9, 3.7500e+01, 9.3737e-01, 2.7000e-02
1, 9, 3.7500e+01, 8.5857e-01, 4.5000e-02
1, 9, 3.7500e+01, 7.8090e-01, 7.7000e-02
1, 9, 3.7500e+01, 7.0962e-01, 1.3000e-01
1, 9, 3.7500e+01, 6.4764e-01, 2.1000e-01
1, 9, 3.7500e+01, 5.8448e-01, 3.5000e-01
1, 9, 3.7500e+01, 5.2037e-01, 6.0000e-01
1, 9, 3.7500e+01, 4.6724e-01, 9.5000e-01
1, 9, 3.7500e+01, 4.0125e-01, 1.7000e+00
1, 9, 3.7500e+01, 3.3741e-01, 3.0000e+00
1, 9, 3.7500e+01, 2.7752e-01, 5.1000e+00
1, 9, 3.7500e+01, 2.2175e-01, 8.3000e+00
1, 9, 3.7500e+01, 1.7868e-01, 1.2000e+01
1, 9, 3.7500e+01, 1.2358e-01, 1.9000e+01
1, 9, 3.7500e+01, 6.6842e-02, 3.0000e+01
1, 9, 3.7500e+01, 2.9905e-02, 4.0000e+01
1, 9, 3.7500e+01, -1.2225e-02, 5.5000e+01
1, 9, 3.7500e+01, -4.8983e-02, 7.2000e+01
1, 9, 3.7500e+01, -8.0288e-02, 9.0000e+01
1, 9, 3.7500e+01, -9.3907e-02, 9.9000e+01
1, 9, 3.7500e+01, 1.6033e+00, 1.0000e-03
1, 9, 3.7500e+01, 1.4363e+00, 2.0000e-03
1, 9, 3.7500e+01, 1.2394e+00, 5.0000e-03
1, 9, 3.7500e+01, 1.1480e+00, 8.0000e-03
1, 9, 3.7500e+01, 1.1067e+00, 1.0000e-02
1, 9, 3.7500e+01, 1.0237e+00, 1.6000e-02
1, 9, 3.7500e+01, 9.3737e-01, 2.7000e-02
1, 9, 3.7500e+01, 8.5857e-01, 4.5000e-02
1, 9, 3.7500e+01, 7.8090e-01, 7.7000e-02
1, 9, 3.7500e+01, 7.0962e-01, 1.3000e-01
1, 9, 3.7500e+01, 6.4764e-01, 2.1000e-01
1, 9, 3.7500e+01, 5.8448e-01, 3.5000e-01
1, 9, 3.7500e+01, 5.2037e-01, 6.0000e-01
1, 9, 3.7500e+01, 4.6724e-01, 9.5000e-01
1, 9, 3.7500e+01, 4.0125e-01, 1.7000e+00
1, 9, 3.7500e+01, 3.3741e-01, 3.0000e+00
1, 9, 3.7500e+01, 2.7752e-01, 5.1000e+00
1, 9, 3.7500e+01, 2.2175e-01, 8.3000e+00
1, 9, 3.7500e+01, 1.7868e-01, 1.2000e+01
1, 9, 3.7500e+01, 1.2358e-01, 1.9000e+01
1, 9, 3.7500e+01, 6.6842e-02, 3.0000e+01
1, 9, 3.7500e+01, 2.9905e-02, 4.0000e+01
1, 9, 3.7500e+01, -1.2225e-02, 5.5000e+01
1, 9, 3.7500e+01, -4.8983e-02, 7.2000e+01
1, 9, 3.7500e+01, -8.0288e-02, 9.0000e+01
1, 9, 3.7500e+01, -9.3907e-02, 9.9000e+01
1, 9, 3.7500e+01, 1.6033e+00, 1.0000e-03
1, 9, 3.7500e+01, 1.4363e+00, 2.0000e-03
1, 9, 3.7500e+01, 1.2394e+00, 5.0000e-03
1, 9, 3.7500e+01, 1.1480e+00, 8.0000e-03
1, 9, 3.7500e+01, 1.1067e+00, 1.0000e-02
1, 9, 3.7500e+01, 1.0237e+00, 1.6000e-02
1, 9, 3.7500e+01, 9.3737e-01, 2.7000e-02
1, 9, 3.7500e+01, 8.5857e-01, 4.5000e-02
1, 9, 3.7500e+01, 7.8090e-01, 7.7000e-02
1, 9, 3.7500e+01, 7.0962e-01, 1.3000e-01
1, 9, 3.7500e+01, 6.4764e-01, 2.1000e-01
1, 9, 3.7500e+01, 5.8448e-01, 3.5000e-01
1, 9, 3.7500e+01, 5.2037e-01, 6.0000e-01
1, 9, 3.7500e+01, 4.6724e-01, 9.5000e-01
1, 9, 3.7500e+01, 4.0125e-01, 1.7000e+00
1, 9, 3.7500e+01, 3.3741e-01, 3.0000e+00
1, 9, 3.7500e+01, 2.7752e-01, 5.1000e+00
1, 9, 3.7500e+01, 2.2175e-01, 8.3000e+00
1, 9, 3.7500e+01, 1.7868e-01, 1.2000e+01
1, 9, 3.7500e+01, 1.2358e-01, 1.9000e+01
1, 9, 3.7500e+01, 6.6842e-02, 3.0000e+01
1, 9, 3.7500e+01, 2.9905e-02, 4.0000e+01
1, 9, 3.7500e+01, -1.2225e-02, 5.5000e+01
1, 9, 3.7500e+01, -4.8983e-02, 7.2000e+01
1, 9, 3.7500e+01, -8.0288e-02, 9.0000e+01
1, 9, 3.7500e+01, -9.3907e-02, 9.9000e+01
1, 9, 3.7500e+01, 1.6033e+00, 1.0000e-03
1, 9, 3.7500e+01, 1.4363e+00, 2.0000e-03
1, 9, 3.7500e+01, 1.2394e+00, 5.0000e-03
1, 9, 3.7500e+01, 1.1480e+00, 8.0000e-03
1, 9, 3.7500e+01, 1.1067e+00, 1.0000e-02
1, 9, 3.7500e+01, 1.0237e+00, 1.6000e-02
1, 9, 3.7500e+01, 9.3737e-01, 2.7000e-02
1, 9, 3.7500e+01, 8.5857e-01, 4.5000e-02
1, 9, 3.7500e+01, 7.8090e-01, 7.7000e-02
1, 9, 3.7500e+01, 7.0962e-01, 1.3000e-01
1, 9, 3.7500e+01, 6.4764e-01, 2.1000e-01
1, 9, 3.7500e+01, 5.8448e-01, 3.5000e-01
1, 9, 3.7500e+01, 5.2037e-01, 6.0000e-01
1, 9, 3.7500e+01, 4.6724e-01, 9.5000e-01
1, 9, 3.7500e+01, 4.0125e-01, 1.7000e+00
1, 9, 3.7500e+01, 3.3741e-01, 3.0000e+00
1, 9, 3.7500e+01, 2.7752e-01, 5.1000e+00
1, 9, 3.7500e+01, 2.2175e-01, 8.3000e+00
1, 9, 3.7500e+01, 1.7868e-01, 1.2000e+01
1, 9, 3.7500e+01, 1.2358e-01, 1.9000e+01
1, 9, 3.7500e+01, 6.6842e-02, 3.0000e+01
1, 9, 3.7500e+01, 2.9905e-02, 4.0000e+01
1, 9, 3.7500e+01, -1.2225e-02, 5.5000e+01
1, 9, 3.7500e+01, -4.8983e-02, 7.2000e+01
1, 9, 3.7500e+01, -8.0288e-02, 9.0000e+01
1, 9, 3.7500e+01, -9.3907e-02, 9.9000e+01
1, 9, 3.7500e+01, 1.6033e+00, 1.0000e-03
1, 9, 3.7500e+01, 1.4363e+00, 2.0000e-03
1, 9, 3.7500e+01, 1.2394e+00, 5.0000e-03
1, 9, 3.7500e+01, 1.1480e+00, 8.0000e-03
1, 9, 3.7500e+01, 1.1067e+00, 1.0000e-02
1, 9, 3.7500e+01, 1.0237e+00, 1.6000e-02
1, 9, 3.7500e+01, 9.3737e-01, 2.7000e-02
1, 9, 3.7500e+01, 8.5857e-01, 4.5000e-02
1, 9, 3.7500e+01, 7.8090e-01, 7.7000e-02
1, 9, 3.7500e+01, 7.0962e-01, 1.3000e-01
1, 9, 3.7500e+01, 6.4764e-01, 2.1000e-01
1, 9, 3.7500e+01, 5.8448e-01, 3.5000e-01
1, 9, 3.7500e+01, 5.2037e-01, 6.0000e-01
1, 9, 3.7500e+01, 4.6724e-01, 9.5000e-01
1, 9, 3.7500e+01, 4.0125e-01, 1.7000e+00
1, 9, 3.7500e+01, 3.3741e-01, 3.0000e+00
1, 9, 3.7500e+01, 2.7752e-01, 5.1000e+00
1, 9, 3.7500e+01, 2.2175e-01, 8.3000e+00
1, 9, 3.7500e+01, 1.7868e-01, 1.2000e+01
1, 9, 3.7500e+01, 1.2358e-01, 1.9000e+01
1, 9, 3.7500e+01, 6.6842e-02, 3.0000e+01
1, 9, 3.7500e+01, 2.9905e-02, 4.0000e+01
1, 9, 3.7500e+01, -1.2225e-02, 5.5000e+01
1, 9, 3.7500e+01, -4.8983e-02, 7.2000e+01
1, 9, 3.7500e+01, -8.0288e-02, 9.0000e+01
1, 9, 3.7500e+01, -9.3907e-02, 9.9000e+01
1, 10, 3.7500e+01, 1.4564e+00, 1.0000e-03
1, 10, 3.7500e+01, 1.3047e+00, 2.0000e-03
1, 10, 3.7500e+01, 1.1259e+00, 5.0000e-03
1, 10, 3.7500e+01, 1.0429e+00, 8.0000e-03
1, 10, 3.7500e+01, 1.0053e+00, 1.0000e-02
1, 10, 3.7500e+01, 9.2995e-01, 1.6000e-02
1, 10, 3.7500e+01, 8.5151e-01, 2.7000e-02
1, 10, 3.7500e+01, 7.7993e-01, 4.5000e-02
1, 10, 3.7500e+01, 7.0937e-01, 7.7000e-02
1, 10, 3.7500e+01, 6.4462e-01, 1.3000e-01
1, 10, 3.7500e+01, 5.8831e-01, 2.1000e-01
1, 10, 3.7500e+01, 5.3094e-01, 3.5000e-01
1, 10, 3.7500e+01, 4.7271e-01, 6.0000e-01
1, 10, 3.7500e+01, 4.2445e-01, 9.5000e-01
1, 10, 3.7500e+01, 3.6449e-01, 1.7000e+00
1, 10, 3.7500e+01, 3.0650e-01, 3.0000e+00
1, 10, 3.7500e+01, 2.5210e-01, 5.1000e+00
1, 10, 3.7500e+01, 2.0143e-01, 8.3000e+00
1, 10, 3.7500e+01, 1.6231e-01, 1.2000e+01
1, 10, 3.7500e+01, 1.1226e-01, 1.9000e+01
1, 10, 3.7500e+01, 6.0719e-02, 3.0000e+01
1, 10, 3.7500e+01, 2.7166e-02, 4.0000e+01
1, 10, 3.7500e+01, -1.1106e-02, 5.5000e+01
1, 10, 3.7500e+01, -4.4497e-02, 7.2000e+01
1, 10, 3.7500e+01, -7.2933e-02, 9.0000e+01
1, 10, 3.7500e+01, -8.5305e-02, 9.9000e+01
1, 10, 3.7500e+01, 1.4564e+00, 1.0000e-03
1, 10, 3.7500e+01, 1.3047e+00, 2.0000e-03
1, 10, 3.7500e+01, 1.1259e+00, 5.0000e-03
1, 10, 3.7500e+01, 1.0429e+00, 8.0000e-03
1, 10, 3.7500e+01, 1.0053e+00, 1.0000e-02
1, 10, 3.7500e+01, 9.2995e-01, 1.6000e-02
1, 10, 3.7500e+01, 8.5151e-01, 2.7000e-02
1, 10, 3.7500e+01, 7.7993e-01, 4.5000e-02
1, 10, 3.7500e+01, 7.0937e-01, 7.7000e-02
1, 10, 3.7500e+01, 6.4462e-01, 1.3000e-01
1, 10, 3.7500e+01, 5.8831e-01, 2.1000e-01
1, 10, 3.7500e+01, 5.3094e-01, 3.5000e-01
1, 10, 3.7500e+01, 4.7271e-01, 6.0000e-01
1, 10, 3.7500e+01, 4.2445e-01, 9.5000e-01
1, 10, 3.7500e+01, 3.6449e-01, 1.7000e+00
1, 10, 3.7500e+01, 3.0650e-01, 3.0000e+00
1, 10, 3.7500e+01, 2.5210e-01, 5.1000e+00
1, 10, 3.7500e+01, 2.0143e-01, 8.3000e+00
1, 10, 3.7500e+01, 1.6231e-01, 1.2000e+01
1, 10, 3.7500e+01, 1.1226e-01, 1.9000e+01
1, 10, 3.7500e+01, 6.0719e-02, 3.0000e+01
1, 10, 3.7500e+01, 2.7166e-02, 4.0000e+01
1, 10, 3.7500e+01, -1.1106e-02, 5.5000e+01
1, 10, 3.7500e+01, -4.4497e-02, 7.2000e+01
1, 10, 3.7500e+01, -7.2933e-02, 9.0000e+01
1, 10, 3.7500e+01, -8.5305e-02, 9.9000e+01
1, 10, 3.7500e+01, 1.4564e+00, 1.0000e-03
1, 10, 3.7500e+01, 1.3047e+00, 2.0000e-03
1, 10, 3.7500e+01, 1.1259e+00, 5.0000e-03
1, 10, 3.7500e+01, 1.0429e+00, 8.0000e-03
1, 10, 3.7500e+01, 1.0053e+00, 1.0000e-02
1, 10, 3.7500e+01, 9.2995e-01, 1.6000e-02
1, 10, 3.7500e+01, 8.5151e-01, 2.7000e-02
1, 10, 3.7500e+01, 7.7993e-01, 4.5000e-02
1, 10, 3.7500e+01, 7.0937e-01, 7.7000e-02
1, 10, 3.7500e+01, 6.4462e-01, 1.3000e-01
1, 10, 3.7500e+01, 5.8831e-01, 2.1000e-01
1, 10, 3.7500e+01, 5.3094e-01, 3.5000e-01
1, 10, 3.7500e+01, 4.7271e-01, 6.0000e-01
1, 10, 3.7500e+01, 4.2445e-01, 9.5000e-01
1, 10, 3.7500e+01, 3.6449e-01, 1.7000e+00
1, 10, 3.7500e+01, 3.0650e-01, 3.0000e+00
1, 10, 3.7500e+01, 2.5210e-01, 5.1000e+00
1, 10, 3.7500e+01, 2.0143e-01, 8.3000e+00
1, 10, 3.7500e+01, 1.6231e-01, 1.2000e+01
1, 10, 3.7500e+01, 1.1226e-01, 1.9000e+01
1, 10, 3.7500e+01, 6.0719e-02, 3.0000e+01
1, 10, 3.7500e+01, 2.7166e-02, 4.0000e+01
1, 10, 3.7500e+01, -1.1106e-02, 5.5000e+01
1, 10, 3.7500e+01, -4.4497e-02, 7.2000e+01
1, 10, 3.7500e+01, -7.2933e-02, 9.0000e+01
1, 10, 3.7500e+01, -8.5305e-02, 9.9000e+01
1, 10, 3.7500e+01, 1.4564e+00, 1.0000e-03
1, 10, 3.7500e+01, 1.3047e+00, 2.0000e-03
1, 10, 3.7500e+01, 1.1259e+00, 5.0000e-03
1, 10, 3.7500e+01, 1.0429e+00, 8.0000e-03
1, 10, 3.7500e+01, 1.0053e+00, 1.0000e-02
1, 10, 3.7500e+01, 9.2995e-01, 1.6000e-02
1, 10, 3.7500e+01, 8.5151e-01, 2.7000e-02
1, 10, 3.7500e+01, 7.7993e-01, 4.5000e-02
1, 10, 3.7500e+01, 7.0937e-01, 7.7000e-02
1, 10, 3.7500e+01, 6.4462e-01, 1.3000e-01
1, 10, 3.7500e+01, 5.8831e-01, 2.1000e-01
1, 10, 3.7500e+01, 5.3094e-01, 3.5000e-01
1, 10, 3.7500e+01, 4.7271e-01, 6.0000e-01
1, 10, 3.7500e+01, 4.2445e-01, 9.5000e-01
1, 10, 3.7500e+01, 3.6449e-01, 1.7000e+00
1, 10, 3.7500e+01, 3.0650e-01, 3.0000e+00
1, 10, 3.7500e+01, 2.5210e-01, 5.1000e+00
1, 10, 3.7500e+01, 2.0143e-01, 8.3000e+00
1, 10, 3.7500e+01, 1.6231e-01, 1.2000e+01
1, 10, 3.7500e+01, 1.1226e-01, 1.9000e+01
1, 10, 3.7500e+01, 6.0719e-02, 3.0000e+01
1, 10, 3.7500e+01, 2.7166e-02, 4.0000e+01
1, 10, 3.7500e+01, -1.1106e-02, 5.5000e+01
1, 10, 3.7500e+01, -4.4497e-02, 7.2000e+01
1, 10, 3.7500e+01, -7.2933e-02, 9.0000e+01
1, 10, 3.7500e+01, -8.5305e-02, 9.9000e+01
1, 10, 3.7500e+01, 1.4564e+00, 1.0000e-03
1, 10, 3.7500e+01, 1.3047e+00, 2.0000e-03
1, 10, 3.7500e+01, 1.1259e+00, 5.0000e-03
1, 10, 3.7500e+01, 1.0429e+00, 8.0000e-03
1, 10, 3.7500e+01, 1.0053e+00, 1.0000e-02
1, 10, 3.7500e+01, 9.2995e-01, 1.6000e-02
1, 10, 3.7500e+01, 8.5151e-01, 2.7000e-02
1, 10, 3.7500e+01, 7.7993e-01, 4.5000e-02
1, 10, 3.7500e+01, 7.0937e-01, 7.7000e-02
1, 10, 3.7500e+01, 6.4462e-01, 1.3000e-01
1, 10, 3.7500e+01, 5.8831e-01, 2.1000e-01
1, 10, 3.7500e+01, 5.3094e-01, 3.5000e-01
1, 10, 3.7500e+01, 4.7271e-01, 6.0000e-01
1, 10, 3.7500e+01, 4.2445e-01, 9.5000e-01
1, 10, 3.7500e+01, 3.6449e-01, 1.7000e+00
1, 10, 3.7500e+01, 3.0650e-01, 3.0000e+00
1, 10, 3.7500e+01, 2.5210e-01, 5.1000e+00
1, 10, 3.7500e+01, 2.0143e-01, 8.3000e+00
1, 10, 3.7500e+01, 1.6231e-01, 1.2000e+01
1, 10, 3.7500e+01, 1.1226e-01, 1.9000e+01
1, 10, 3.7500e+01, 6.0719e-02, 3.0000e+01
1, 10, 3.7500e+01, 2.7166e-02, 4.0000e+01
1, 10, 3.7500e+01, -1.1106e-02, 5.5000e+01
1, 10, 3.7500e+01, -4.4497e-02, 7.2000e+01
1, 10, 3.7500e+01, -7.2933e-02, 9.0000e+01
1, 10, 3.7500e+01, -8.5305e-02, 9.9000e+01
1, 10, 3.7500e+01, 1.4564e+00, 1.0000e-03
1, 10, 3.7500e+01, 1.3047e+00, 2.0000e-03
1, 10, 3.7500e+01, 1.1259e+00, 5.0000e-03
1, 10, 3.7500e+01, 1.0429e+00, 8.0000e-03
1, 10, 3.7500e+01, 1.0053e+00, 1.0000e-02
1, 10, 3.7500e+01, 9.2995e-01, 1.6000e-02
1, 10, 3.7500e+01, 8.5151e-01, 2.7000e-02
1, 10, 3.7500e+01, 7.7993e-01, 4.5000e-02
1, 10, 3.7500e+01, 7.0937e-01, 7.7000e-02
1, 10, 3.7500e+01, 6.4462e-01, 1.3000e-01
1, 10, 3.7500e+01, 5.8831e-01, 2.1000e-01
1, 10, 3.7500e+01, 5.3094e-01, 3.5000e-01
1, 10, 3.7500e+01, 4.7271e-01, 6.0000e-01
1, 10, 3.7500e+01, 4.2445e-01, 9.5000e-01
1, 10, 3.7500e+01, 3.6449e-01, 1.7000e+00
1, 10, 3.7500e+01, 3.0650e-01, 3.0000e+00
1, 10, 3.7500e+01, 2.5210e-01, 5.1000e+00
1, 10, 3.7500e+01, 2.0143e-01, 8.3000e+00
1, 10, 3.7500e+01, 1.6231e-01, 1.2000e+01
1, 10, 3.7500e+01, 1.1226e-01, 1.9000e+01
1, 10, 3.7500e+01, 6.0719e-02, 3.0000e+01
1, 10, 3.7500e+01, 2.7166e-02, 4.0000e+01
1, 10, 3.7500e+01, -1.1106e-02, 5.5000e+01
1, 10, 3.7500e+01, -4.4497e-02, 7.2000e+01
1, 10, 3.7500e+01, -7.2933e-02, 9.0000e+01
1, 10, 3.7500e+01, -8.5305e-02, 9.9000e+01
1, 10, 3.7500e+01, 1.4564e+00, 1.0000e-03
1, 10, 3.7500e+01, 1.3047e+00, 2.0000e-03
1, 10, 3.7500e+01, 1.1259e+00, 5.0000e-03
1, 10, 3.7500e+01, 1.0429e+00, 8.0000e-03
1, 10, 3.7500e+01, 1.0053e+00, 1.0000e-02
1, 10, 3.7500e+01, 9.2995e-01, 1.6000e-02
1, 10, 3.7500e+01, 8.5151e-01, 2.7000e-02
1, 10, 3.7500e+01, 7.7993e-01, 4.5000e-02
1, 10, 3.7500e+01, 7.0937e-01, 7.7000e-02
1, 10, 3.7500e+01, 6.4462e-01, 1.3000e-01
1, 10, 3.7500e+01, 5.8831e-01, 2.1000e-01
1, 10, 3.7500e+01, 5.3094e-01, 3.5000e-01
1, 10, 3.7500e+01, 4.7271e-01, 6.0000e-01
1, 10, 3.7500e+01, 4.2445e-01, 9.5000e-01
1, 10, 3.7500e+01, 3.6449e-01, 1.7000e+00
1, 10, 3.7500e+01, 3.0650e-01, 3.0000e+00
1, 10, 3.7500e+01, 2.5210e-01, 5.1000e+00
1, 10, 3.7500e+01, 2.0143e-01, 8.3000e+00
1, 10, 3.7500e+01, 1.6231e-01, 1.2000e+01
1, 10, 3.7500e+01, 1.1226e-01, 1.9000e+01
1, 10, 3.7500e+01, 6.0719e-02, 3.0000e+01
1, 10, 3.7500e+01, 2.7166e-02, 4.0000e+01
1, 10, 3.7500e+01, -1.1106e-02, 5.5000e+01
1, 10, 3.7500e+01, -4.4497e-02, 7.2000e+01
1, 10, 3.7500e+01, -7.2933e-02, 9.0000e+01
1, 10, 3.7500e+01, -8.5305e-02, 9.9000e+01
1, 10, 3.7500e+01, 1.4564e+00, 1.0000e-03
1, 10, 3.7500e+01, 1.3047e+00, 2.0000e-03
1, 10, 3.7500e+01, 1.1259e+00, 5.0000e-03
1, 10, 3.7500e+01, 1.0429e+00, 8.0000e-03
1, 10, 3.7500e+01, 1.0053e+00, 1.0000e-02
1, 10, 3.7500e+01, 9.2995e-01, 1.6000e-02
1, 10, 3.7500e+01, 8.5151e-01, 2.7000e-02
1, 10, 3.7500e+01, 7.7993e-01, 4.5000e-02
1, 10, 3.7500e+01, 7.0937e-01, 7.7000e-02
1, 10, 3.7500e+01, 6.4462e-01, 1.3000e-01
1, 10, 3.7500e+01, 5.8831e-01, 2.1000e-01
1, 10, 3.7500e+01, 5.3094e-01, 3.5000e-01
1, 10, 3.7500e+01, 4.7271e-01, 6.0000e-01
1, 10, 3.7500e+01, 4.2445e-01, 9.5000e-01
1, 10, 3.7500e+01, 3.6449e-01, 1.7000e+00
1, 10, 3.7500e+01, 3.0650e-01, 3.0000e+00
1, 10, 3.7500e+01, 2.5210e-01, 5.1000e+00
1, 10, 3.7500e+01, 2.0143e-01, 8.3000e+00
1, 10, 3.7500e+01, 1.6231e-01, 1.2000e+01
1, 10, 3.7500e+01, 1.1226e-01, 1.9000e+01
1, 10, 3.7500e+01, 6.0719e-02, 3.0000e+01
1, 10, 3.7500e+01, 2.7166e-02, 4.0000e+01
1, 10, 3.7500e+01, -1.1106e-02, 5.5000e+01
1, 10, 3.7500e+01, -4.4497e-02, 7.2000e+01
1, 10, 3.7500e+01, -7.2933e-02, 9.0000e+01
1, 10, 3.7500e+01, -8.5305e-02, 9.9000e+01
1, 10, 3.7500e+01, 1.4564e+00, 1.0000e-03
1, 10, 3.7500e+01, 1.3047e+00, 2.0000e-03
1, 10, 3.7500e+01, 1.1259e+00, 5.0000e-03
1, 10, 3.7500e+01, 1.0429e+00, 8.0000e-03
1, 10, 3.7500e+01, 1.0053e+00, 1.0000e-02
1, 10, 3.7500e+01, 9.2995e-01, 1.6000e-02
1, 10, 3.7500e+01, 8.5151e-01, 2.7000e-02
1, 10, 3.7500e+01, 7.7993e-01, 4.5000e-02
1, 10, 3.7500e+01, 7.0937e-01, 7.7000e-02
1, 10, 3.7500e+01, 6.4462e-01, 1.3000e-01
1, 10, 3.7500e+01, 5.8831e-01, 2.1000e-01
1, 10, 3.7500e+01, 5.3094e-01, 3.5000e-01
1, 10, 3.7500e+01, 4.7271e-01, 6.0000e-01
1, 10, 3.7500e+01, 4.2445e-01, 9.5000e-01
1, 10, 3.7500e+01, 3.6449e-01, 1.7000e+00
1, 10, 3.7500e+01, 3.0650e-01, 3.0000e+00
1, 10, 3.7500e+01, 2.5210e-01, 5.1000e+00
1, 10, 3.7500e+01, 2.0143e-01, 8.3000e+00
1, 10, 3.7500e+01, 1.6231e-01, 1.2000e+01
1, 10, 3.7500e+01, 1.1226e-01, 1.9000e+01
1, 10, 3.7500e+01, 6.0719e-02, 3.0000e+01
1, 10, 3.7500e+01, 2.7166e-02, 4.0000e+01
1, 10, 3.7500e+01, -1.1106e-02, 5.5000e+01
1, 10, 3.7500e+01, -4.4497e-02, 7.2000e+01
1, 10, 3.7500e+01, -7.2933e-02, 9.0000e+01
1, 10, 3.7500e+01, -8.5305e-02, 9.9000e+01
1, 10, 3.7500e+01, 1.4564e+00, 1.0000e-03
1, 10, 3.7500e+01, 1.3047e+00, 2.0000e-03
1, 10, 3.7500e+01, 1.1259e+00, 5.0000e-03
1, 10, 3.7500e+01, 1.0429e+00, 8.0000e-03
1, 10, 3.7500e+01, 1.0053e+00, 1.0000e-02
1, 10, 3.7500e+01, 9.2995e-01, 1.6000e-02
1, 10, 3.7500e+01, 8.5151e-01, 2.7000e-02
1, 10, 3.7500e+01, 7.7993e-01, 4.5000e-02
1, 10, 3.7500e+01, 7.0937e-01, 7.7000e-02
1, 10, 3.7500e+01, 6.4462e-01, 1.3000e-01
1, 10, 3.7500e+01, 5.8831e-01, 2.1000e-01
1, 10, 3.7500e+01, 5.3094e-01, 3.5000e-01
1, 10, 3.7500e+01, 4.7271e-01, 6.0000e-01
1, 10, 3.7500e+01, 4.2445e-01, 9.5000e-01
1, 10, 3.7500e+01, 3.6449e-01, 1.7000e+00
1, 10, 3.7500e+01, 3.0650e-01, 3.0000e+00
1, 10, 3.7500e+01, 2.5210e-01, 5.1000e+00
1, 10, 3.7500e+01, 2.0143e-01, 8.3000e+00
1, 10, 3.7500e+01, 1.6231e-01, 1.2000e+01
1, 10, 3.7500e+01, 1.1226e-01, 1.9000e+01
1, 10, 3.7500e+01, 6.0719e-02, 3.0000e+01
1, 10, 3.7500e+01, 2.7166e-02, 4.0000e+01
1, 10, 3.7500e+01, -1.1106e-02, 5.5000e+01
1, 10, 3.7500e+01, -4.4497e-02, 7.2000e+01
1, 10, 3.7500e+01, -7.2933e-02, 9.0000e+01
1, 10, 3.7500e+01, -8.5305e-02, 9.9000e+01
1, 10, 3.7500e+01, 1.4564e+00, 1.0000e-03
1, 10, 3.7500e+01, 1.3047e+00, 2.0000e-03
1, 10, 3.7500e+01, 1.1259e+00, 5.0000e-03
1, 10, 3.7500e+01, 1.0429e+00, 8.0000e-03
1, 10, 3.7500e+01, 1.0053e+00, 1.0000e-02
1, 10, 3.7500e+01, 9.2995e-01, 1.6000e-02
1, 10, 3.7500e+01, 8.5151e-01, 2.7000e-02
1, 10, 3.7500e+01, 7.7993e-01, 4.5000e-02
1, 10, 3.7500e+01, 7.0937e-01, 7.7000e-02
1, 10, 3.7500e+01, 6.4462e-01, 1.3000e-01
1, 10, 3.7500e+01, 5.8831e-01, 2.1000e-01
1, 10, 3.7500e+01, 5.3094e-01, 3.5000e-01
1, 10, 3.7500e+01, 4.7271e-01, 6.0000e-01
1, 10, 3.7500e+01, 4.2445e-01, 9.5000e-01
1, 10, 3.7500e+01, 3.6449e-01, 1.7000e+00
1, 10, 3.7500e+01, 3.0650e-01, 3.0000e+00
1, 10, 3.7500e+01, 2.5210e-01, 5.1000e+00
1, 10, 3.7500e+01, 2.0143e-01, 8.3000e+00
1, 10, 3.7500e+01, 1.6231e-01, 1.2000e+01
1, 10, 3.7500e+01, 1.1226e-01, 1.9000e+01
1, 10, 3.7500e+01, 6.0719e-02, 3.0000e+01
1, 10, 3.7500e+01, 2.7166e-02, 4.0000e+01
1, 10, 3.7500e+01, -1.1106e-02, 5.5000e+01
1, 10, 3.7500e+01, -4.4497e-02, 7.2000e+01
1, 10, 3.7500e+01, -7.2933e-02, 9.0000e+01
1, 10, 3.7500e+01, -8.5305e-02, 9.9000e+01
1, 10, 3.7500e+01, 1.4564e+00, 1.0000e-03
1, 10, 3.7500e+01, 1.3047e+00, 2.0000e-03
1, 10, 3.7500e+01, 1.1259e+00, 5.0000e-03
1, 10, 3.7500e+01, 1.0429e+00, 8.0000e-03
1, 10, 3.7500e+01, 1.0053e+00, 1.0000e-02
1, 10, 3.7500e+01, 9.2995e-01, 1.6000e-02
1, 10, 3.7500e+01, 8.5151e-01, 2.7000e-02
1, 10, 3.7500e+01, 7.7993e-01, 4.5000e-02
1, 10, 3.7500e+01, 7.0937e-01, 7.7000e-02
1, 10, 3.7500e+01, 6.4462e-01, 1.3000e-01
1, 10, 3.7500e+01, 5.8831e-01, 2.1000e-01
1, 10, 3.7500e+01, 5.3094e-01, 3.5000e-01
1, 10, 3.7500e+01, 4.7271e-01, 6.0000e-01
1, 10, 3.7500e+01, 4.2445e-01, 9.5000e-01
1, 10, 3.7500e+01, 3.6449e-01, 1.7000e+00
1, 10, 3.7500e+01, 3.0650e-01, 3.0000e+00
1, 10, 3.7500e+01, 2.5210e-01, 5.1000e+00
1, 10, 3.7500e+01, 2.0143e-01, 8.3000e+00
1, 10, 3.7500e+01, 1.6231e-01, 1.2000e+01
1, 10, 3.7500e+01, 1.1226e-01, 1.9000e+01
1, 10, 3.7500e+01, 6.0719e-02, 3.0000e+01
1, 10, 3.7500e+01, 2.7166e-02, 4.0000e+01
1, 10, 3.7500e+01, -1.1106e-02, 5.5000e+01
1, 10, 3.7500e+01, -4.4497e-02, 7.2000e+01
1, 10, 3.7500e+01, -7.2933e-02, 9.0000e+01
1, 10, 3.7500e+01, -8.5305e-02, 9.9000e+01
1, 10, 3.7500e+01, 1.4564e+00, 1.0000e-03
1, 10, 3.7500e+01, 1.3047e+00, 2.0000e-03
1, 10, 3.7500e+01, 1.1259e+00, 5.0000e-03
1, 10, 3.7500e+01, 1.0429e+00, 8.0000e-03
1, 10, 3.7500e+01, 1.0053e+00, 1.0000e-02
1, 10, 3.7500e+01, 9.2995e-01, 1.6000e-02
1, 10, 3.7500e+01, 8.5151e-01, 2.7000e-02
1, 10, 3.7500e+01, 7.7993e-01, 4.5000e-02
1, 10, 3.7500e+01, 7.0937e-01, 7.7000e-02
1, 10, 3.7500e+01, 6.4462e-01, 1.3000e-01
1, 10, 3.7500e+01, 5.8831e-01, 2.1000e-01
1, 10, 3.7500e+01, 5.3094e-01, 3.5000e-01
1, 10, 3.7500e+01, 4.7271e-01, 6.0000e-01
1, 10, 3.7500e+01, 4.2445e-01, 9.5000e-01
1, 10, 3.7500e+01, 3.6449e-01, 1.7000e+00
1, 10, 3.7500e+01, 3.0650e-01, 3.0000e+00
1, 10, 3.7500e+01, 2.5210e-01, 5.1000e+00
1, 10, 3.7500e+01, 2.0143e-01, 8.3000e+00
1, 10, 3.7500e+01, 1.6231e-01, 1.2000e+01
1, 10, 3.7500e+01, 1.1226e-01, 1.9000e+01
1, 10, 3.7500e+01, 6.0719e-02, 3.0000e+01
1, 10, 3.7500e+01, 2.7166e-02, 4.0000e+01
1, 10, 3.7500e+01, -1.1106e-02, 5.5000e+01
1, 10, 3.7500e+01, -4.4497e-02, 7.2000e+01
1, 10, 3.7500e+01, -7.2933e-02, 9.0000e+01
1, 10, 3.7500e+01, -8.5305e-02, 9.9000e+01
1, 10, 3.7500e+01, 1.4564e+00, 1.0000e-03
1, 10, 3.7500e+01, 1.3047e+00, 2.0000e-03
1, 10, 3.7500e+01, 1.1259e+00, 5.0000e-03
1, 10, 3.7500e+01, 1.0429e+00, 8.0000e-03
1, 10, 3.7500e+01, 1.0053e+00, 1.0000e-02
1, 10, 3.7500e+01, 9.2995e-01, 1.6000e-02
1, 10, 3.7500e+01, 8.5151e-01, 2.7000e-02
1, 10, 3.7500e+01, 7.7993e-01, 4.5000e-02
1, 10, 3.7500e+01, 7.0937e-01, 7.7000e-02
1, 10, 3.7500e+01, 6.4462e-01, 1.3000e-01
1, 10, 3.7500e+01, 5.8831e-01, 2.1000e-01
1, 10, 3.7500e+01, 5.3094e-01, 3.5000e-01
1, 10, 3.7500e+01, 4.7271e-01, 6.0000e-01
1, 10, 3.7500e+01, 4.2445e-01, 9.5000e-01
1, 10, 3.7500e+01, 3.6449e-01, 1.7000e+00
1, 10, 3.7500e+01, 3.0650e-01, 3.0000e+00
1, 10, 3.7500e+01, 2.5210e-01, 5.1000e+00
1, 10, 3.7500e+01, 2.0143e-01, 8.3000e+00
1, 10, 3.7500e+01, 1.6231e-01, 1.2000e+01
1, 10, 3.7500e+01, 1.1226e-01, 1.9000e+01
1, 10, 3.7500e+01, 6.0719e-02, 3.0000e+01
1, 10, 3.7500e+01, 2.7166e-02, 4.0000e+01
1, 10, 3.7500e+01, -1.1106e-02, 5.5000e+01
1, 10, 3.7500e+01, -4.4497e-02, 7.2000e+01
1, 10, 3.7500e+01, -7.2933e-02, 9.0000e+01
1, 10, 3.7500e+01, -8.5305e-02, 9.9000e+01
1, 10, 3.7500e+01, 1.4564e+00, 1.0000e-03
1, 10, 3.7500e+01, 1.3047e+00, 2.0000e-03
1, 10, 3.7500e+01, 1.1259e+00, 5.0000e-03
1, 10, 3.7500e+01, 1.0429e+00, 8.0000e-03
1, 10, 3.7500e+01, 1.0053e+00, 1.0000e-02
1, 10, 3.7500e+01, 9.2995e-01, 1.6000e-02
1, 10, 3.7500e+01, 8.5151e-01, 2.7000e-02
1, 10, 3.7500e+01, 7.7993e-01, 4.5000e-02
1, 10, 3.7500e+01, 7.0937e-01, 7.7000e-02
1, 10, 3.7500e+01, 6.4462e-01, 1.3000e-01
1, 10, 3.7500e+01, 5.8831e-01, 2.1000e-01
1, 10, 3.7500e+01, 5.3094e-01, 3.5000e-01
1, 10, 3.7500e+01, 4.7271e-01, 6.0000e-01
1, 10, 3.7500e+01, 4.2445e-01, 9.5000e-01
1, 10, 3.7500e+01, 3.6449e-01, 1.7000e+00
1, 10, 3.7500e+01, 3.0650e-01, 3.0000e+00
1, 10, 3.7500e+01, 2.5210e-01, 5.1000e+00
1, 10, 3.7500e+01, 2.0143e-01, 8.3000e+00
1, 10, 3.7500e+01, 1.6231e-01, 1.2000e+01
1, 10, 3.7500e+01, 1.1226e-01, 1.9000e+01
1, 10, 3.7500e+01, 6.0719e-02, 3.0000e+01
1, 10, 3.7500e+01, 2.7166e-02, 4.0000e+01
1, 10, 3.7500e+01, -1.1106e-02, 5.5000e+01
1, 10, 3.7500e+01, -4.4497e-02, 7.2000e+01
1, 10, 3.7500e+01, -7.2933e-02, 9.0000e+01
1, 10, 3.7500e+01, -8.5305e-02, 9.9000e+01
1, 10, 3.7500e+01, 1.4564e+00, 1.0000e-03
1, 10, 3.7500e+01, 1.3047e+00, 2.0000e-03
1, 10, 3.7500e+01, 1.1259e+00, 5.0000e-03
1, 10, 3.7500e+01, 1.0429e+00, 8.0000e-03
1, 10, 3.7500e+01, 1.0053e+00, 1.0000e-02
1, 10, 3.7500e+01, 9.2995e-01, 1.6000e-02
1, 10, 3.7500e+01, 8.5151e-01, 2.7000e-02
1, 10, 3.7500e+01, 7.7993e-01, 4.5000e-02
1, 10, 3.7500e+01, 7.0937e-01, 7.7000e-02
1, 10, 3.7500e+01, 6.4462e-01, 1.3000e-01
1, 10, 3.7500e+01, 5.8831e-01, 2.1000e-01
1, 10, 3.7500e+01, 5.3094e-01, 3.5000e-01
1, 10, 3.7500e+01, 4.7271e-01, 6.0000e-01
1, 10, 3.7500e+01, 4.2445e-01, 9.5000e-01
1, 10, 3.7500e+01, 3.6449e-01, 1.7000e+00
1, 10, 3.7500e+01, 3.0650e-01, 3.0000e+00
1, 10, 3.7500e+01, 2.5210e-01, 5.1000e+00
1, 10, 3.7500e+01, 2.0143e-01, 8.3000e+00
1, 10, 3.7500e+01, 1.6231e-01, 1.2000e+01
1, 10, 3.7500e+01, 1.1226e-01, 1.9000e+01
1, 10, 3.7500e+01, 6.0719e-02, 3.0000e+01
1, 10, 3.7500e+01, 2.7166e-02, 4.0000e+01
1, 10, 3.7500e+01, -1.1106e-02, 5.5000e+01
1, 10, 3.7500e+01, -4.4497e-02, 7.2000e+01
1, 10, 3.7500e+01, -7.2933e-02, 9.0000e+01
1, 10, 3.7500e+01, -8.5305e-02, 9.9000e+01
1, 10, 3.7500e+01, 1.4564e+00, 1.0000e-03
1, 10, 3.7500e+01, 1.3047e+00, 2.0000e-03
1, 10, 3.7500e+01, 1.1259e+00, 5.0000e-03
1, 10, 3.7500e+01, 1.0429e+00, 8.0000e-03
1, 10, 3.7500e+01, 1.0053e+00, 1.0000e-02
1, 10, 3.7500e+01, 9.2995e-01, 1.6000e-02
1, 10, 3.7500e+01, 8.5151e-01, 2.7000e-02
1, 10, 3.7500e+01, 7.7993e-01, 4.5000e-02
1, 10, 3.7500e+01, 7.0937e-01, 7.7000e-02
1, 10, 3.7500e+01, 6.4462e-01, 1.3000e-01
1, 10, 3.7500e+01, 5.8831e-01, 2.1000e-01
1, 10, 3.7500e+01, 5.3094e-01, 3.5000e-01
1, 10, 3.7500e+01, 4.7271e-01, 6.0000e-01
1, 10, 3.7500e+01, 4.2445e-01, 9.5000e-01
1, 10, 3.7500e+01, 3.6449e-01, 1.7000e+00
1, 10, 3.7500e+01, 3.0650e-01, 3.0000e+00
1, 10, 3.7500e+01, 2.5210e-01, 5.1000e+00
1, 10, 3.7500e+01, 2.0143e-01, 8.3000e+00
1, 10, 3.7500e+01, 1.6231e-01, 1.2000e+01
1, 10, 3.7500e+01, 1.1226e-01, 1.9000e+01
1, 10, 3.7500e+01, 6.0719e-02, 3.0000e+01
1, 10, 3.7500e+01, 2.7166e-02, 4.0000e+01
1, 10, 3.7500e+01, -1.1106e-02, 5.5000e+01
1, 10, 3.7500e+01, -4.4497e-02, 7.2000e+01
1, 10, 3.7500e+01, -7.2933e-02, 9.0000e+01
1, 10, 3.7500e+01, -8.5305e-02, 9.9000e+01
1, 10, 3.7500e+01, 1.4564e+00, 1.0000e-03
1, 10, 3.7500e+01, 1.3047e+00, 2.0000e-03
1, 10, 3.7500e+01, 1.1259e+00, 5.0000e-03
1, 10, 3.7500e+01, 1.0429e+00, 8.0000e-03
1, 10, 3.7500e+01, 1.0053e+00, 1.0000e-02
1, 10, 3.7500e+01, 9.2995e-01, 1.6000e-02
1, 10, 3.7500e+01, 8.5151e-01, 2.7000e-02
1, 10, 3.7500e+01, 7.7993e-01, 4.5000e-02
1, 10, 3.7500e+01, 7.0937e-01, 7.7000e-02
1, 10, 3.7500e+01, 6.4462e-01, 1.3000e-01
1, 10, 3.7500e+01, 5.8831e-01, 2.1000e-01
1, 10, 3.7500e+01, 5.3094e-01, 3.5000e-01
1, 10, 3.7500e+01, 4.7271e-01, 6.0000e-01
1, 10, 3.7500e+01, 4.2445e-01, 9.5000e-01
1, 10, 3.7500e+01, 3.6449e-01, 1.7000e+00
1, 10, 3.7500e+01, 3.0650e-01, 3.0000e+00
1, 10, 3.7500e+01, 2.5210e-01, 5.1000e+00
1, 10, 3.7500e+01, 2.0143e-01, 8.3000e+00
1, 10, 3.7500e+01, 1.6231e-01, 1.2000e+01
1, 10, 3.7500e+01, 1.1226e-01, 1.9000e+01
1, 10, 3.7500e+01, 6.0719e-02, 3.0000e+01
1, 10, 3.7500e+01, 2.7166e-02, 4.0000e+01
1, 10, 3.7500e+01, -1.1106e-02, 5.5000e+01
1, 10, 3.7500e+01, -4.4497e-02, 7.2000e+01
1, 10, 3.7500e+01, -7.2933e-02, 9.0000e+01
1, 10, 3.7500e+01, -8.5305e-02, 9.9000e+01
1, 10, 3.7500e+01, 1.4564e+00, 1.0000e-03
1, 10, 3.7500e+01, 1.3047e+00, 2.0000e-03
1, 10, 3.7500e+01, 1.1259e+00, 5.0000e-03
1, 10, 3.7500e+01, 1.0429e+00, 8.0000e-03
1, 10, 3.7500e+01, 1.0053e+00, 1.0000e-02
1, 10, 3.7500e+01, 9.2995e-01, 1.6000e-02
1, 10, 3.7500e+01, 8.5151e-01, 2.7000e-02
1, 10, 3.7500e+01, 7.7993e-01, 4.5000e-02
1, 10, 3.7500e+01, 7.0937e-01, 7.7000e-02
1, 10, 3.7500e+01, 6.4462e-01, 1.3000e-01
1, 10, 3.7500e+01, 5.8831e-01, 2.1000e-01
1, 10, 3.7500e+01, 5.3094e-01, 3.5000e-01
1, 10, 3.7500e+01, 4.7271e-01, 6.0000e-01
1, 10, 3.7500e+01, 4.2445e-01, 9.5000e-01
1, 10, 3.7500e+01, 3.6449e-01, 1.7000e+00
1, 10, 3.7500e+01, 3.0650e-01, 3.0000e+00
1, 10, 3.7500e+01, 2.5210e-01, 5.1000e+00
1, 10, 3.7500e+01, 2.0143e-01, 8.3000e+00
1, 10, 3.7500e+01, 1.6231e-01, 1.2000e+01
1, 10, 3.7500e+01, 1.1226e-01, 1.9000e+01
1, 10, 3.7500e+01, 6.0719e-02, 3.0000e+01
1, 10, 3.7500e+01, 2.7166e-02, 4.0000e+01
1, 10, 3.7500e+01, -1.1106e-02, 5.5000e+01
1, 10, 3.7500e+01, -4.4497e-02, 7.2000e+01
1, 10, 3.7500e+01, -7.2933e-02, 9.0000e+01
1, 10, 3.7500e+01, -8.5305e-02, 9.9000e+01
1, 10, 3.7500e+01, 1.4564e+00, 1.0000e-03
1, 10, 3.7500e+01, 1.3047e+00, 2.0000e-03
1, 10, 3.7500e+01, 1.1259e+00, 5.0000e-03
1, 10, 3.7500e+01, 1.0429e+00, 8.0000e-03
1, 10, 3.7500e+01, 1.0053e+00, 1.0000e-02
1, 10, 3.7500e+01, 9.2995e-01, 1.6000e-02
1, 10, 3.7500e+01, 8.5151e-01, 2.7000e-02
1, 10, 3.7500e+01, 7.7993e-01, 4.5000e-02
1, 10, 3.7500e+01, 7.0937e-01, 7.7000e-02
1, 10, 3.7500e+01, 6.4462e-01, 1.3000e-01
1, 10, 3.7500e+01, 5.8831e-01, 2.1000e-01
1, 10, 3.7500e+01, 5.3094e-01, 3.5000e-01
1, 10, 3.7500e+01, 4.7271e-01, 6.0000e-01
1, 10, 3.7500e+01, 4.2445e-01, 9.5000e-01
1, 10, 3.7500e+01, 3.6449e-01, 1.7000e+00
1, 10, 3.7500e+01, 3.0650e-01, 3.0000e+00
1, 10, 3.7500e+01, 2.5210e-01, 5.1000e+00
1, 10, 3.7500e+01, 2.0143e-01, 8.3000e+00
1, 10, 3.7500e+01, 1.6231e-01, 1.2000e+01
1, 10, 3.7500e+01, 1.1226e-01, 1.9000e+01
1, 10, 3.7500e+01, 6.0719e-02, 3.0000e+01
1, 10, 3.7500e+01, 2.7166e-02, 4.0000e+01
1, 10, 3.7500e+01, -1.1106e-02, 5.5000e+01
1, 10, 3.7500e+01, -4.4497e-02, 7.2000e+01
1, 10, 3.7500e+01, -7.2933e-02, 9.0000e+01
1, 10, 3.7500e+01, -8.5305e-02, 9.9000e+01
1, 10, 3.7500e+01, 1.4564e+00, 1.0000e-03
1, 10, 3.7500e+01, 1.3047e+00, 2.0000e-03
1, 10, 3.7500e+01, 1.1259e+00, 5.0000e-03
1, 10, 3.7500e+01, 1.0429e+00, 8.0000e-03
1, 10, 3.7500e+01, 1.0053e+00, 1.0000e-02
1, 10, 3.7500e+01, 9.2995e-01, 1.6000e-02
1, 10, 3.7500e+01, 8.5151e-01, 2.7000e-02
1, 10, 3.7500e+01, 7.7993e-01, 4.5000e-02
1, 10, 3.7500e+01, 7.0937e-01, 7.7000e-02
1, 10, 3.7500e+01, 6.4462e-01, 1.3000e-01
1, 10, 3.7500e+01, 5.8831e-01, 2.1000e-01
1, 10, 3.7500e+01, 5.3094e-01, 3.5000e-01
1, 10, 3.7500e+01, 4.7271e-01, 6.0000e-01
1, 10, 3.7500e+01, 4.2445e-01, 9.5000e-01
1, 10, 3.7500e+01, 3.6449e-01, 1.7000e+00
1, 10, 3.7500e+01, 3.0650e-01, 3.0000e+00
1, 10, 3.7500e+01, 2.5210e-01, 5.1000e+00
1, 10, 3.7500e+01, 2.0143e-01, 8.3000e+00
1, 10, 3.7500e+01, 1.6231e-01, 1.2000e+01
1, 10, 3.7500e+01, 1.1226e-01, 1.9000e+01
1, 10, 3.7500e+01, 6.0719e-02, 3.0000e+01
1, 10, 3.7500e+01, 2.7166e-02, 4.0000e+01
1, 10, 3.7500e+01, -1.1106e-02, 5.5000e+01
1, 10, 3.7500e+01, -4.4497e-02, 7.2000e+01
1, 10, 3.7500e+01, -7.2933e-02, 9.0000e+01
1, 10, 3.7500e+01, -8.5305e-02, 9.9000e+01
1, 10, 3.7500e+01, 1.4564e+00, 1.0000e-03
1, 10, 3.7500e+01, 1.3047e+00, 2.0000e-03
1, 10, 3.7500e+01, 1.1259e+00, 5.0000e-03
1, 10, 3.7500e+01, 1.0429e+00, 8.0000e-03
1, 10, 3.7500e+01, 1.0053e+00, 1.0000e-02
1, 10, 3.7500e+01, 9.2995e-01, 1.6000e-02
1, 10, 3.7500e+01, 8.5151e-01, 2.7000e-02
1, 10, 3.7500e+01, 7.7993e-01, 4.5000e-02
1, 10, 3.7500e+01, 7.0937e-01, 7.7000e-02
1, 10, 3.7500e+01, 6.4462e-01, 1.3000e-01
1, 10, 3.7500e+01, 5.8831e-01, 2.1000e-01
1, 10, 3.7500e+01, 5.3094e-01, 3.5000e-01
1, 10, 3.7500e+01, 4.7271e-01, 6.0000e-01
1, 10, 3.7500e+01, 4.2445e-01, 9.5000e-01
1, 10, 3.7500e+01, 3.6449e-01, 1.7000e+00
1, 10, 3.7500e+01, 3.0650e-01, 3.0000e+00
1, 10, 3.7500e+01, 2.5210e-01, 5.1000e+00
1, 10, 3.7500e+01, 2.0143e-01, 8.3000e+00
1, 10, 3.7500e+01, 1.6231e-01, 1.2000e+01
1, 10, 3.7500e+01, 1.1226e-01, 1.9000e+01
1, 10, 3.7500e+01, 6.0719e-02, 3.0000e+01
1, 10, 3.7500e+01, 2.7166e-02, 4.0000e+01
1, 10, 3.7500e+01, -1.1106e-02, 5.5000e+01
1, 10, 3.7500e+01, -4.4497e-02, 7.2000e+01
1, 10, 3.7500e+01, -7.2933e-02, 9.0000e+01
1, 10, 3.7500e+01, -8.5305e-02, 9.9000e+01
1, 10, 3.7500e+01, 1.4564e+00, 1.0000e-03
1, 10, 3.7500e+01, 1.3047e+00, 2.0000e-03
1, 10, 3.7500e+01, 1.1259e+00, 5.0000e-03
1, 10, 3.7500e+01, 1.0429e+00, 8.0000e-03
1, 10, 3.7500e+01, 1.0053e+00, 1.0000e-02
1, 10, 3.7500e+01, 9.2995e-01, 1.6000e-02
1, 10, 3.7500e+01, 8.5151e-01, 2.7000e-02
1, 10, 3.7500e+01, 7.7993e-01, 4.5000e-02
1, 10, 3.7500e+01, 7.0937e-01, 7.7000e-02
1, 10, 3.7500e+01, 6.4462e-01, 1.3000e-01
1, 10, 3.7500e+01, 5.8831e-01, 2.1000e-01
1, 10, 3.7500e+01, 5.3094e-01, 3.5000e-01
1, 10, 3.7500e+01, 4.7271e-01, 6.0000e-01
1, 10, 3.7500e+01, 4.2445e-01, 9.5000e-01
1, 10, 3.7500e+01, 3.6449e-01, 1.7000e+00
1, 10, 3.7500e+01, 3.0650e-01, 3.0000e+00
1, 10, 3.7500e+01, 2.5210e-01, 5.1000e+00
1, 10, 3.7500e+01, 2.0143e-01, 8.3000e+00
1, 10, 3.7500e+01, 1.6231e-01, 1.2000e+01
1, 10, 3.7500e+01, 1.1226e-01, 1.9000e+01
1, 10, 3.7500e+01, 6.0719e-02, 3.0000e+01
1, 10, 3.7500e+01, 2.7166e-02, 4.0000e+01
1, 10, 3.7500e+01, -1.1106e-02, 5.5000e+01
1, 10, 3.7500e+01, -4.4497e-02, 7.2000e+01
1, 10, 3.7500e+01, -7.2933e-02, 9.0000e+01
1, 10, 3.7500e+01, -8.5305e-02, 9.9000e+01
1, 10, 3.7500e+01, 1.4564e+00, 1.0000e-03
1, 10, 3.7500e+01, 1.3047e+00, 2.0000e-03
1, 10, 3.7500e+01, 1.1259e+00, 5.0000e-03
1, 10, 3.7500e+01, 1.0429e+00, 8.0000e-03
1, 10, 3.7500e+01, 1.0053e+00, 1.0000e-02
1, 10, 3.7500e+01, 9.2995e-01, 1.6000e-02
1, 10, 3.7500e+01, 8.5151e-01, 2.7000e-02
1, 10, 3.7500e+01, 7.7993e-01, 4.5000e-02
1, 10, 3.7500e+01, 7.0937e-01, 7.7000e-02
1, 10, 3.7500e+01, 6.4462e-01, 1.3000e-01
1, 10, 3.7500e+01, 5.8831e-01, 2.1000e-01
1, 10, 3.7500e+01, 5.3094e-01, 3.5000e-01
1, 10, 3.7500e+01, 4.7271e-01, 6.0000e-01
1, 10, 3.7500e+01, 4.2445e-01, 9.5000e-01
1, 10, 3.7500e+01, 3.6449e-01, 1.7000e+00
1, 10, 3.7500e+01, 3.0650e-01, 3.0000e+00
1, 10, 3.7500e+01, 2.5210e-01, 5.1000e+00
1, 10, 3.7500e+01, 2.0143e-01, 8.3000e+00
1, 10, 3.7500e+01, 1.6231e-01, 1.2000e+01
1, 10, 3.7500e+01, 1.1226e-01, 1.9000e+01
1, 10, 3.7500e+01, 6.0719e-02, 3.0000e+01
1, 10, 3.7500e+01, 2.7166e-02, 4.0000e+01
1, 10, 3.7500e+01, -1.1106e-02, 5.5000e+01
1, 10, 3.7500e+01, -4.4497e-02, 7.2000e+01
1, 10, 3.7500e+01, -7.2933e-02, 9.0000e+01
1, 10, 3.7500e+01, -8.5305e-02, 9.9000e+01
1, 10, 3.7500e+01, 1.4564e+00, 1.0000e-03
1, 10, 3.7500e+01, 1.3047e+00, 2.0000e-03
1, 10, 3.7500e+01, 1.1259e+00, 5.0000e-03
1, 10, 3.7500e+01, 1.0429e+00, 8.0000e-03
1, 10, 3.7500e+01, 1.0053e+00, 1.0000e-02
1, 10, 3.7500e+01, 9.2995e-01, 1.6000e-02
1, 10, 3.7500e+01, 8.5151e-01, 2.7000e-02
1, 10, 3.7500e+01, 7.7993e-01, 4.5000e-02
1, 10, 3.7500e+01, 7.0937e-01, 7.7000e-02
1, 10, 3.7500e+01, 6.4462e-01, 1.3000e-01
1, 10, 3.7500e+01, 5.8831e-01, 2.1000e-01
1, 10, 3.7500e+01, 5.3094e-01, 3.5000e-01
1, 10, 3.7500e+01, 4.7271e-01, 6.0000e-01
1, 10, 3.7500e+01, 4.2445e-01, 9.5000e-01
1, 10, 3.7500e+01, 3.6449e-01, 1.7000e+00
1, 10, 3.7500e+01, 3.0650e-01, 3.0000e+00
1, 10, 3.7500e+01, 2.5210e-01, 5.1000e+00
1, 10, 3.7500e+01, 2.0143e-01, 8.3000e+00
1, 10, 3.7500e+01, 1.6231e-01, 1.2000e+01
1, 10, 3.7500e+01, 1.1226e-01, 1.9000e+01
1, 10, 3.7500e+01, 6.0719e-02, 3.0000e+01
1, 10, 3.7500e+01, 2.7166e-02, 4.0000e+01
1, 10, 3.7500e+01, -1.1106e-02, 5.5000e+01
1, 10, 3.7500e+01, -4.4497e-02, 7.2000e+01
1, 10, 3.7500e+01, -7.2933e-02, 9.0000e+01
1, 10, 3.7500e+01, -8.5305e-02, 9.9000e+01
1, 10, 3.7500e+01, 1.4564e+00, 1.0000e-03
1, 10, 3.7500e+01, 1.3047e+00, 2.0000e-03
1, 10, 3.7500e+01, 1.1259e+00, 5.0000e-03
1, 10, 3.7500e+01, 1.0429e+00, 8.0000e-03
1, 10, 3.7500e+01, 1.0053e+00, 1.0000e-02
1, 10, 3.7500e+01, 9.2995e-01, 1.6000e-02
1, 10, 3.7500e+01, 8.5151e-01, 2.7000e-02
1, 10, 3.7500e+01, 7.7993e-01, 4.5000e-02
1, 10, 3.7500e+01, 7.0937e-01, 7.7000e-02
1, 10, 3.7500e+01, 6.4462e-01, 1.3000e-01
1, 10, 3.7500e+01, 5.8831e-01, 2.1000e-01
1, 10, 3.7500e+01, 5.3094e-01, 3.5000e-01
1, 10, 3.7500e+01, 4.7271e-01, 6.0000e-01
1, 10, 3.7500e+01, 4.2445e-01, 9.5000e-01
1, 10, 3.7500e+01, 3.6449e-01, 1.7000e+00
1, 10, 3.7500e+01, 3.0650e-01, 3.0000e+00
1, 10, 3.7500e+01, 2.5210e-01, 5.1000e+00
1, 10, 3.7500e+01, 2.0143e-01, 8.3000e+00
1, 10, 3.7500e+01, 1.6231e-01, 1.2000e+01
1, 10, 3.7500e+01, 1.1226e-01, 1.9000e+01
1, 10, 3.7500e+01, 6.0719e-02, 3.0000e+01
1, 10, 3.7500e+01, 2.7166e-02, 4.0000e+01
1, 10, 3.7500e+01, -1.1106e-02, 5.5000e+01
1, 10, 3.7500e+01, -4.4497e-02, 7.2000e+01
1, 10, 3.7500e+01, -7.2933e-02, 9.0000e+01
1, 10, 3.7500e+01, -8.5305e-02, 9.9000e+01
